18.3365538000
18.3158293211
18.2950568891
18.2742449639
18.2533934310
18.2325016726
18.2115698389
18.1905975385
18.1695845614
18.1485308850
18.1274361524
18.1063003209
18.0851226408
18.0639033229
18.0426421080
18.0213387253
17.9999930943
17.9786045200
17.9571732881
17.9356990096
17.9141812022
17.8926198018
17.8710146293
17.8493652331
17.8276715604
17.8059334399
17.7841501323
17.7623216845
17.7404480658
17.7185288659
17.6965632907
17.6745516942
17.6524940278
17.6303890873
17.6082374482
17.5860384913
17.5637919789
17.5414976387
17.5191551742
17.4967643893
17.4743246807
17.4518361328
17.4292980965
17.4067106053
17.3840731277
17.3613855337
17.3386474905
17.3158586844
17.2930186815
17.2701274412
17.2471841276
17.2241887930
17.2011410234
17.1780405641
17.1548866959
17.1316796229
17.1084188398
17.0851036982
17.0617340599
17.0383095391
17.0148297260
16.9912948118
16.9677035522
16.9440563142
16.9203522046
16.8965910077
16.8727724387
16.8488960340
16.8249614983
16.8009684833
16.7769163061
16.7528048898
16.7286335957
16.7044020943
16.6801097684
16.6557566703
16.6313421023
16.6068657048
16.5823267722
16.5577248363
16.5330599914
16.5083315409
16.4835386210
16.4586812263
16.4337587749
16.4087708377
16.3837172156
16.3585968184
16.3334092624
16.3081542418
16.2828315088
16.2574400618
16.2319796855
16.2064500181
16.1808504349
16.1551799336
16.1294383034
16.1036251011
16.0777394628
16.0517808709
16.0257492173
15.9996435860
15.9734635063
15.9472082439
15.9208768467
15.8944698337
15.8679857747
15.8414235702
15.8147836875
15.7880651022
15.7612668961
15.7343885349
15.7074295320
15.6803891728
15.6532666020
15.6260611125
15.5987726696
15.5713995446
15.5439413877
15.5163978876
15.4887678215
15.4610508788
15.4332455600
15.4053514863
15.3773685645
15.3492948123
15.3211300607
15.2928730197
15.2645231832
15.2360802069
15.2075425006
15.1789096697
15.1501798700
15.1213536517
15.0924290153
15.0634058465
15.0342829517
15.0050592194
14.9757334071
14.9463049925
14.9167730831
14.8871369455
14.8573943681
14.8275446352
14.7975870942
14.7675205228
14.7373438436
14.7070565765
14.6766569676
14.6461431837
14.6155144672
14.5847707042
14.5539095309
14.5229305725
14.4918315499
14.4606122295
14.4292700810
14.3978055638
14.3662152412
14.3344991251
14.3026551404
14.2706823210
14.2385797096
14.2063448953
14.1739774747
14.1414745655
14.1088352180
14.0760577963
14.0431403704
14.0100815984
13.9768803888
13.9435342519
13.9100408420
13.8763998770
13.8426088630
13.8086662125
13.7745697500
13.7403172423
13.7059071815
13.6713381855
13.6366068648
13.6017127259
13.5666513869
13.5314211844
13.4960224711
13.4604505413
13.4247037609
13.3887803115
13.3526761232
13.3163895001
13.2799187875
13.2432605230
13.2064125323
13.1693725519
13.1321361081
13.0947008310
13.0570657008
13.0192263672
12.9811786669
12.9429203542
12.9044486745
12.8657599345
12.8268519612
12.7877194765
12.7483598021
12.7087683616
12.6689422432
12.6288782466
12.5885714165
12.5480166766
12.5072125213
12.4661522814
12.4248325979
12.3832488779
12.3413975802
12.2992719606
12.2568691539
12.2141826741
12.1712064850
12.1279378644
12.0843698258
12.0404939854
11.9963074286
11.9518051987
11.9069786329
11.8618222900
11.8163284049
11.7704907698
11.7243025899
11.6777550175
11.6308421786
11.5835562932
11.5358880452
11.4878297963
11.4393711867
11.3905033436
11.3412176598
11.2915056312
11.2413544177
11.1907527915
11.1396912815
11.0881579560
11.0361411071
10.9836305804
10.9306090010
10.8770643628
10.8229823374
10.7683515790
10.7131503886
10.6573679913
10.6009822162
10.5439802978
10.4863421233
10.4280428304
10.3690650909
10.3093929214
10.2489972265
10.1878543855
10.1259385014
10.0632257255
9.9996822721
9.9352790735
9.8699911534
9.8037764814
9.7366024644
9.6684341627
9.5992210722
9.5289305911
9.4575074957
9.3849066937
9.3110648896
9.2359363064
9.1594506215
9.0815397188
9.0021353741
8.9211449069
8.8384974681
8.7540917420
8.6678189763
8.5795701794
8.4892145028
8.3966156666
8.3016243246
8.2040570879
8.1037028282
8.0003522360
7.8937640940
7.7836428556
7.6696515955
7.5514492224
7.4285429909
7.3004024441
7.1664045005
7.0257572015
6.8774656475
6.7204574075
6.5531150344
6.3734657204
6.1786447027
5.9649891731
5.7265476640
5.4540410138
5.1303870068
4.7196320032
4.1044164264
0.8864390710
0.0459670428
0.0233612099
0.0142921373
0.0094740236
0.0065774519
0.0047064859
0.0034403402
0.0025551432
0.0019213019
0.0014588651
0.0011165654
0.0008601592
0.0006662221
0.0005183705
0.0004048922
0.0003173037
0.0002493707
0.0001964649
0.0001551127
0.0001226927
0.0000972060
0.0000771236
0.0000612666
0.0000487237
0.0000387863
0.0000309022
0.0000246396
0.0000196593
0.0000156952
0.0000125370
0.0000100190
0.0000080102
0.0000064065
0.0000051256
0.0000041020
0.0000032837
0.0000026293
0.0000021057
0.0000016867
0.0000013513
0.0000010828
0.0000008677
0.0000006955
0.0000005575
0.0000004469
0.0000003583
0.0000002873
0.0000002303
0.0000001847
0.0000001481
0.0000001188
0.0000000953
0.0000000764
0.0000000613
0.0000000492
0.0000000394
0.0000000316
0.0000000254
0.0000000204
0.0000000163
0.0000000131
0.0000000105
0.0000000084
0.0000000068
0.0000000054
0.0000000044
0.0000000035
0.0000000028
0.0000000022
0.0000000018
0.0000000014
0.0000000012
0.0000000009
0.0000000007
0.0000000006
0.0000000005
0.0000000004
0.0000000003
0.0000000002
0.0000000002
0.0000000002
0.0000000001
0.0000000001
0.0000000001
0.0000000001
0.0000000001
0.0000000000
0.0000000000
0.0000000000
0.0000000000
0.0000000000
0.0000000000
0.0000000000
0.0000000000
0.0000000000
0.0000000000
0.0000000000
0.0000000000
0.0000000000
0.0000000000
0.0000000000
0.0000000000
0.0000000000
0.0000000000
0.0000000000
0.0000000000
0.0000000000
0.0000000000
0.0000000000
0.0000000000
0.0000000000
0.0000000000
0.0000000000
0.0000000000
0.0000000000
0.0000000000
0.0000000000
0.0000000000
0.0000000000
0.0000000000
0.0000000000
0.0000000000
0.0000000000
0.0000000000
0.0000000000
0.0000000000
0.0000000000
0.0000000000
0.0000000000
0.0000000000
0.0000000000
0.0000000000
0.0000000000
0.0000000000
0.0000000000
0.0000000000
0.0000000000
0.0000000000
0.0000000000
0.0000000000
0.0000000000
0.0000000000
0.0000000000
0.0000000000
0.0000000000
0.0000000000
0.0000000000
0.0000000000
0.0000000000
0.0000000000
0.0000000000
0.0000000000
0.0000000000
0.0000000000
0.0000000000
0.0000000000
0.0000000000
0.0000000000
0.0000000000
0.0000000000
0.0000000000
0.0000000000
0.0000000000
0.0000000000
0.0000000000
0.0000000000
0.0000000000
0.0000000000
0.0000000000
0.0000000000
0.0000000000
0.0000000000
0.0000000000
0.0000000000
0.0000000000
0.0000000000
0.0000000000
0.0000000000
0.0000000000
0.0000000000
0.0000000000
0.0000000000
0.0000000000
0.0000000000
0.0000000000
0.0000000000
0.0000000000
0.0000000000
0.0000000000
0.0000000000
0.0000000000
0.0000000000
0.0000000000
0.0000000000
0.0000000000
0.0000000000
0.0000000000
0.0000000000
