1.4501026336
1.4415219258
1.4329753804
1.4244214694
1.4158599420
1.4072907754
1.3987141640
1.3901297777
1.3815378764
1.3729382074
1.3643312750
1.3557167951
1.3470946096
1.3384652541
1.3298285302
1.3211840880
1.3125325081
1.3038734858
1.2952072290
1.2865338695
1.2778527802
1.2691644614
1.2604691812
1.2517664031
1.2430565465
1.2343397540
1.2256157802
1.2168846493
1.2081464842
1.1994013997
1.1906495991
1.1818907379
1.1731250990
1.1643527833
1.1555734997
1.1467877503
1.1379954720
1.1291964459
1.1203910902
1.1115791276
1.1027609277
1.0939367034
1.0851058824
1.0762690475
1.0674262542
1.0585773341
1.0497227919
1.0408622929
1.0319961791
1.0231243668
1.0142471415
1.0053643686
0.9964761846
0.9875827679
0.9786844793
0.9697813118
0.9608731525
0.9519600676
0.9430425058
0.9341205425
0.9251940163
0.9162631444
0.9073284982
0.8983900249
0.8894480686
0.8805019708
0.8715531016
0.8626009136
0.8536458009
0.8446876173
0.8357269153
0.8267637654
0.8177984314
0.8088310616
0.7998621997
0.7908918226
0.7819200855
0.7729472041
0.7639739993
0.7550004994
0.7460269027
0.7370533451
0.7280801252
0.7191080328
0.7101366700
0.7011666191
0.6921985862
0.6832327285
0.6742695702
0.6653093467
0.6563527683
0.6473996405
0.6384506440
0.6295065926
0.6205679607
0.6116347677
0.6027076150
0.5937874362
0.5848745334
0.5759689923
0.5670724871
0.5581853264
0.5493073896
0.5404399673
0.5315835844
0.5227388959
0.5139069203
0.5050880467
0.4962831411
0.4874931150
0.4787194350
0.4699621846
0.4612229086
0.4525021779
0.4438008046
0.4351205188
0.4264618021
0.4178258606
0.4092140735
0.4006277984
0.3920683722
0.3835366154
0.3750344508
0.3665623033
0.3581224907
0.3497167275
0.3413464316
0.3330128361
0.3247184514
0.3164644157
0.3082533612
0.3000861343
0.2919652591
0.2838929838
0.2758719556
0.2679036887
0.2599910512
0.2521362817
0.2443422347
0.2366103317
0.2289445665
0.2213480262
0.2138227479
0.2063721803
0.1989999885
0.1917086304
0.1845011819
0.1773819101
0.1703541742
0.1634219972
0.1565883277
0.1498581614
0.1432346689
0.1367223080
0.1303250392
0.1240473287
0.1178936567
0.1118681992
0.1059748757
0.1002194087
0.0946050574
0.0891372652
0.0838201316
0.0786581362
0.0736549364
0.0688147744
0.0641420639
0.0596400038
0.0553119630
0.0511618703
0.0471912889
0.0434034474
0.0397997058
0.0363813234
0.0331491285
0.0301030342
0.0272425980
0.0245656564
0.0220709951
0.0197546850
0.0176134220
0.0156423344
0.0138363269
0.0121892053
0.0106940144
0.0093434968
0.0081296978
0.0070442959
0.0060786816
0.0052240171
0.0044714302
0.0038121266
0.0032375101
0.0027392015
0.0023091633
0.0019398615
0.0016241327
0.0013554384
0.0011277559
0.0009356094
0.0007740903
0.0006388151
0.0005259227
0.0004320164
0.0003541399
0.0002897453
0.0002366386
0.0001929500
0.0001570920
0.0001277207
0.0001037102
0.0000841161
0.0000681525
0.0000551656
0.0000446148
0.0000360535
0.0000291142
0.0000234953
0.0000189498
0.0000152755
0.0000123079
0.0000099125
0.0000079802
0.0000064223
0.0000051669
0.0000041558
0.0000033417
0.0000026864
0.0000021592
0.0000017351
0.0000013941
0.0000011200
0.0000008996
0.0000007225
0.0000005802
0.0000004659
0.0000003741
0.0000003003
0.0000002411
0.0000001935
0.0000001554
0.0000001247
0.0000001001
0.0000000803
0.0000000645
0.0000000517
0.0000000415
0.0000000333
0.0000000267
0.0000000215
0.0000000172
0.0000000138
0.0000000111
0.0000000089
0.0000000071
0.0000000057
0.0000000046
0.0000000037
0.0000000030
0.0000000024
0.0000000019
0.0000000015
0.0000000012
0.0000000010
0.0000000008
0.0000000006
0.0000000005
0.0000000004
0.0000000003
0.0000000003
0.0000000002
0.0000000002
0.0000000001
0.0000000001
0.0000000001
0.0000000001
0.0000000001
0.0000000000
0.0000000000
0.0000000000
0.0000000000
0.0000000000
0.0000000000
0.0000000000
0.0000000000
0.0000000000
0.0000000000
0.0000000000
0.0000000000
0.0000000000
0.0000000000
0.0000000000
0.0000000000
0.0000000000
0.0000000000
0.0000000000
0.0000000000
0.0000000000
0.0000000000
0.0000000000
0.0000000000
0.0000000000
0.0000000000
0.0000000000
0.0000000000
0.0000000000
0.0000000000
0.0000000000
0.0000000000
0.0000000000
0.0000000000
0.0000000000
0.0000000000
0.0000000000
0.0000000000
0.0000000000
0.0000000000
0.0000000000
0.0000000000
0.0000000000
0.0000000000
0.0000000000
0.0000000000
0.0000000000
0.0000000000
0.0000000000
0.0000000000
0.0000000000
0.0000000000
0.0000000000
0.0000000000
0.0000000000
0.0000000000
0.0000000000
0.0000000000
0.0000000000
0.0000000000
0.0000000000
0.0000000000
0.0000000000
0.0000000000
0.0000000000
0.0000000000
0.0000000000
0.0000000000
0.0000000000
0.0000000000
0.0000000000
0.0000000000
0.0000000000
0.0000000000
0.0000000000
0.0000000000
0.0000000000
0.0000000000
0.0000000000
0.0000000000
0.0000000000
0.0000000000
0.0000000000
0.0000000000
0.0000000000
0.0000000000
0.0000000000
0.0000000000
0.0000000000
0.0000000000
0.0000000000
0.0000000000
0.0000000000
0.0000000000
0.0000000000
0.0000000000
0.0000000000
0.0000000000
0.0000000000
0.0000000000
0.0000000000
0.0000000000
0.0000000000
0.0000000000
0.0000000000
0.0000000000
0.0000000000
0.0000000000
