0.0994862744
0.0938445814
0.0883968763
0.0831008896
0.0779597674
0.0729788070
0.0681616684
0.0635123198
0.0590338327
0.0547303078
0.0506043253
0.0466587867
0.0428959316
0.0393180408
0.0359251389
0.0327182614
0.0296977851
0.0268624531
0.0242110659
0.0217411151
0.0194494522
0.0173318240
0.0153839392
0.0136002168
0.0119742380
0.0104994274
0.0091682137
0.0079725470
0.0069041745
0.0059543352
0.0051142340
0.0043750367
0.0037279725
0.0031643785
0.0026759610
0.0022547741
0.0018932351
0.0015843837
0.0013217005
0.0010992412
0.0009116018
0.0007539550
0.0006219899
0.0005119071
0.0004203788
0.0003445081
0.0002817932
0.0002300910
0.0001875711
0.0001526817
0.0001241131
0.0001007638
0.0000817144
0.0000661977
0.0000535766
0.0000433248
0.0000350075
0.0000282668
0.0000228096
0.0000183953
0.0000148276
0.0000119462
0.0000096206
0.0000077448
0.0000062326
0.0000050141
0.0000040327
0.0000032426
0.0000026067
0.0000020951
0.0000016836
0.0000013527
0.0000010866
0.0000008728
0.0000007010
0.0000005629
0.0000004520
0.0000003629
0.0000002914
0.0000002339
0.0000001878
0.0000001507
0.0000001210
0.0000000971
0.0000000779
0.0000000625
0.0000000502
0.0000000403
0.0000000323
0.0000000259
0.0000000208
0.0000000167
0.0000000134
0.0000000108
0.0000000086
0.0000000069
0.0000000056
0.0000000045
0.0000000036
0.0000000029
0.0000000023
0.0000000018
0.0000000015
0.0000000012
0.0000000010
0.0000000008
0.0000000006
0.0000000005
0.0000000004
0.0000000003
0.0000000003
0.0000000002
0.0000000002
0.0000000001
0.0000000001
0.0000000001
0.0000000001
0.0000000001
0.0000000000
0.0000000000
0.0000000000
0.0000000000
0.0000000000
0.0000000000
0.0000000000
0.0000000000
0.0000000000
0.0000000000
0.0000000000
0.0000000000
0.0000000000
0.0000000000
0.0000000000
0.0000000000
0.0000000000
0.0000000000
0.0000000000
0.0000000000
0.0000000000
0.0000000000
0.0000000000
0.0000000000
0.0000000000
0.0000000000
0.0000000000
0.0000000000
0.0000000000
0.0000000000
0.0000000000
0.0000000000
0.0000000000
0.0000000000
0.0000000000
0.0000000000
0.0000000000
0.0000000000
0.0000000000
0.0000000000
0.0000000000
0.0000000000
0.0000000000
0.0000000000
0.0000000000
0.0000000000
0.0000000000
0.0000000000
0.0000000000
0.0000000000
0.0000000000
0.0000000000
0.0000000000
0.0000000000
0.0000000000
0.0000000000
0.0000000000
0.0000000000
0.0000000000
0.0000000000
0.0000000000
0.0000000000
0.0000000000
0.0000000000
0.0000000000
0.0000000000
0.0000000000
0.0000000000
0.0000000000
0.0000000000
0.0000000000
0.0000000000
0.0000000000
0.0000000000
0.0000000000
0.0000000000
0.0000000000
0.0000000000
0.0000000000
0.0000000000
0.0000000000
0.0000000000
0.0000000000
0.0000000000
0.0000000000
0.0000000000
0.0000000000
0.0000000000
0.0000000000
0.0000000000
0.0000000000
0.0000000000
0.0000000000
0.0000000000
0.0000000000
