-0.99 0.16948
-0.98 0.17235
-0.97 0.1753
-0.96 0.17832
-0.95 0.18141
-0.94 0.18457
-0.93 0.18781
-0.92 0.19113
-0.91 0.19453
-0.9 0.19802
-0.89 0.20159
-0.88 0.20525
-0.87 0.20901
-0.86 0.21286
-0.85 0.2168
-0.84 0.22085
-0.83 0.225
-0.82 0.22925
-0.81 0.23362
-0.8 0.2381
-0.79 0.24269
-0.78 0.2474
-0.77 0.25224
-0.76 0.2572
-0.75 0.2623
-0.74 0.26752
-0.73 0.27289
-0.72 0.2784
-0.71 0.28405
-0.7 0.28985
-0.69 0.29581
-0.68 0.30193
-0.67 0.30821
-0.66 0.31466
-0.65 0.32129
-0.64 0.32808
-0.63 0.33506
-0.62 0.34223
-0.61 0.34959
-0.6 0.35714
-0.59 0.3649
-0.58 0.37286
-0.57 0.38102
-0.56 0.38941
-0.55 0.39801
-0.54 0.40683
-0.53 0.41589
-0.52 0.42517
-0.51 0.43469
-0.5 0.44444
-0.49 0.45444
-0.48 0.46468
-0.47 0.47517
-0.46 0.48591
-0.45 0.49689
-0.44 0.50813
-0.43 0.51962
-0.42 0.53135
-0.41 0.54333
-0.4 0.55556
-0.39 0.56802
-0.38 0.58072
-0.37 0.59365
-0.36 0.6068
-0.35 0.62016
-0.34 0.63371
-0.33 0.64746
-0.32 0.66138
-0.31 0.67545
-0.3 0.68966
-0.29 0.70398
-0.28 0.71839
-0.27 0.73287
-0.26 0.74738
-0.25 0.7619
-0.24 0.7764
-0.23 0.79083
-0.22 0.80515
-0.21 0.81934
-0.2 0.83333
-0.19 0.8471
-0.18 0.86059
-0.17 0.87374
-0.16 0.88652
-0.15 0.89888
-0.14 0.91075
-0.13 0.92208
-0.12 0.93284
-0.11 0.94295
-0.1 0.95238
-0.09 0.96108
-0.08 0.96899
-0.07 0.97609
-0.06 0.98232
-0.05 0.98765
-0.04 0.99206
-0.03 0.99552
-0.02 0.998
-0.01 0.9995
-2.2352e-08 1
0.01 0.9995
0.02 0.998
0.03 0.99552
0.04 0.99206
0.05 0.98765
0.06 0.98232
0.07 0.97609
0.08 0.96899
0.09 0.96108
0.1 0.95238
0.11 0.94295
0.12 0.93284
0.13 0.92208
0.14 0.91075
0.15 0.89888
0.16 0.88652
0.17 0.87374
0.18 0.86059
0.19 0.8471
0.2 0.83333
0.21 0.81934
0.22 0.80515
0.23 0.79083
0.24 0.7764
0.25 0.7619
0.26 0.74738
0.27 0.73287
0.28 0.71839
0.29 0.70398
0.3 0.68966
0.31 0.67545
0.32 0.66138
0.33 0.64746
0.34 0.63371
0.35 0.62016
0.36 0.6068
0.37 0.59365
0.38 0.58072
0.39 0.56802
0.4 0.55556
0.41 0.54333
0.42 0.53135
0.43 0.51962
0.44 0.50813
0.45 0.49689
0.46 0.48591
0.47 0.47517
0.48 0.46468
0.49 0.45444
0.5 0.44444
0.51 0.43469
0.52 0.42517
0.53 0.41589
0.54 0.40683
0.55 0.39801
0.56 0.38941
0.57 0.38102
0.58 0.37286
0.59 0.3649
0.6 0.35714
0.61 0.34959
0.62 0.34223
0.63 0.33506
0.64 0.32808
0.65 0.32129
0.66 0.31466
0.67 0.30821
0.68 0.30193
0.69 0.29581
0.7 0.28986
0.71 0.28405
0.72 0.2784
0.73 0.27289
0.74 0.26752
0.75 0.2623
0.76 0.2572
0.77 0.25224
0.78 0.2474
0.79 0.24269
0.8 0.2381
0.81 0.23362
0.82 0.22925
0.83 0.225
0.84 0.22085
0.85 0.2168
0.86 0.21286
0.87 0.20901
0.88 0.20525
0.89 0.20159
0.9 0.19802
0.91 0.19453
0.92 0.19113
0.93 0.18781
0.94 0.18457
0.95 0.18141
0.96 0.17832
0.97 0.1753
0.98 0.17235
0.99 0.16948
1 0.16667 
