-0.999 22.7857
-0.998 22.6903
-0.997 22.5954
-0.996 22.501
-0.995 22.4069
-0.994 22.3132
-0.993 22.2199
-0.992 22.1271
-0.991 22.0346
-0.99 21.9425
-0.989 21.8509
-0.988 21.7596
-0.987 21.6687
-0.986 21.5783
-0.985 21.4882
-0.984 21.3985
-0.983 21.3092
-0.982 21.2203
-0.981 21.1318
-0.98 21.0436
-0.979 20.9559
-0.978 20.8685
-0.977 20.7815
-0.976 20.6949
-0.975 20.6087
-0.974 20.5229
-0.973 20.4374
-0.972 20.3523
-0.971 20.2676
-0.97 20.1832
-0.969 20.0992
-0.968 20.0156
-0.967 19.9324
-0.966 19.8495
-0.965 19.767
-0.964 19.6848
-0.963 19.603
-0.962 19.5216
-0.961 19.4405
-0.96 19.3598
-0.959 19.2795
-0.958 19.1995
-0.957 19.1198
-0.956 19.0405
-0.955 18.9616
-0.954 18.883
-0.953 18.8047
-0.952 18.7268
-0.951 18.6493
-0.95 18.5721
-0.949 18.4952
-0.948 18.4187
-0.947 18.3425
-0.946 18.2667
-0.945 18.1911
-0.944 18.116
-0.943 18.0411
-0.942 17.9666
-0.941 17.8925
-0.94 17.8186
-0.939 17.7451
-0.938 17.6719
-0.937 17.5991
-0.936 17.5265
-0.935 17.4543
-0.934 17.3824
-0.933 17.3109
-0.932 17.2396
-0.931 17.1687
-0.93 17.0981
-0.929 17.0278
-0.928 16.9579
-0.927 16.8882
-0.926 16.8189
-0.925 16.7498
-0.924 16.6811
-0.923 16.6127
-0.922 16.5446
-0.921 16.4768
-0.92 16.4093
-0.919 16.3421
-0.918 16.2752
-0.917 16.2086
-0.916 16.1424
-0.915 16.0764
-0.914 16.0107
-0.913 15.9453
-0.912 15.8802
-0.911 15.8154
-0.91 15.7509
-0.909 15.6867
-0.908 15.6228
-0.907 15.5592
-0.906 15.4958
-0.905 15.4328
-0.904 15.37
-0.903 15.3076
-0.902 15.2454
-0.901 15.1834
-0.9 15.1218
-0.899 15.0605
-0.898 14.9994
-0.897 14.9386
-0.896 14.8781
-0.895 14.8179
-0.894 14.7579
-0.893 14.6982
-0.892 14.6388
-0.891 14.5797
-0.89 14.5208
-0.889 14.4622
-0.888 14.4039
-0.887 14.3458
-0.886 14.288
-0.885 14.2305
-0.884 14.1732
-0.883 14.1162
-0.882 14.0595
-0.881 14.003
-0.88 13.9467
-0.879 13.8908
-0.878 13.8351
-0.877 13.7796
-0.876 13.7244
-0.875 13.6695
-0.874 13.6148
-0.873 13.5604
-0.872 13.5062
-0.871 13.4523
-0.87 13.3986
-0.869 13.3451
-0.868 13.292
-0.867 13.239
-0.866 13.1863
-0.865 13.1339
-0.864 13.0817
-0.863 13.0297
-0.862 12.978
-0.861 12.9265
-0.86 12.8752
-0.859 12.8242
-0.858 12.7734
-0.857 12.7229
-0.856 12.6726
-0.855 12.6225
-0.854 12.5727
-0.853 12.5231
-0.852 12.4737
-0.851 12.4246
-0.85 12.3757
-0.849 12.327
-0.848 12.2785
-0.847 12.2303
-0.846 12.1823
-0.845 12.1345
-0.844 12.087
-0.843 12.0396
-0.842 11.9925
-0.841 11.9456
-0.84 11.8989
-0.839 11.8525
-0.838 11.8062
-0.837 11.7602
-0.836 11.7144
-0.835 11.6688
-0.834 11.6234
-0.833 11.5783
-0.832 11.5333
-0.831 11.4886
-0.83 11.4441
-0.829 11.3997
-0.828 11.3556
-0.827 11.3117
-0.826 11.268
-0.825 11.2245
-0.824 11.1812
-0.823 11.1381
-0.822 11.0953
-0.821 11.0526
-0.82 11.0101
-0.819 10.9678
-0.818 10.9257
-0.817 10.8839
-0.816 10.8422
-0.815 10.8007
-0.814 10.7594
-0.813 10.7183
-0.812 10.6774
-0.811 10.6367
-0.81 10.5962
-0.809 10.5559
-0.808 10.5157
-0.807 10.4758
-0.806 10.4361
-0.805 10.3965
-0.804 10.3571
-0.803 10.3179
-0.802 10.2789
-0.801 10.2401
-0.8 10.2015
-0.799 10.163
-0.798 10.1248
-0.797 10.0867
-0.796 10.0488
-0.795 10.011
-0.794 9.97349
-0.793 9.93613
-0.792 9.89894
-0.791 9.86193
-0.79 9.82509
-0.789 9.78843
-0.788 9.75194
-0.787 9.71563
-0.786 9.67949
-0.785 9.64352
-0.784 9.60773
-0.783 9.5721
-0.782 9.53665
-0.781 9.50136
-0.78 9.46624
-0.779 9.43129
-0.778 9.39651
-0.777 9.36189
-0.776 9.32744
-0.775 9.29315
-0.774 9.25903
-0.773 9.22507
-0.772 9.19127
-0.771 9.15763
-0.77 9.12416
-0.769 9.09084
-0.768 9.05769
-0.767 9.02469
-0.766 8.99185
-0.765 8.95917
-0.764 8.92664
-0.763 8.89427
-0.762 8.86205
-0.761 8.82999
-0.76 8.79808
-0.759 8.76633
-0.758 8.73473
-0.757 8.70328
-0.756 8.67197
-0.755 8.64082
-0.754 8.60982
-0.753 8.57897
-0.752 8.54827
-0.751 8.51771
-0.75 8.4873
-0.749 8.45703
-0.748 8.42691
-0.747 8.39694
-0.746 8.3671
-0.745 8.33742
-0.744 8.30787
-0.743 8.27847
-0.742 8.2492
-0.741 8.22008
-0.74 8.1911
-0.739 8.16225
-0.738 8.13355
-0.737 8.10498
-0.736 8.07655
-0.735 8.04826
-0.734 8.0201
-0.733 7.99207
-0.732 7.96419
-0.731 7.93643
-0.73 7.90881
-0.729 7.88132
-0.728 7.85397
-0.727 7.82674
-0.726 7.79965
-0.725 7.77268
-0.724 7.74585
-0.723 7.71914
-0.722 7.69256
-0.721 7.66611
-0.72 7.63979
-0.719 7.61359
-0.718 7.58752
-0.717 7.56158
-0.716 7.53576
-0.715 7.51006
-0.714 7.48449
-0.713 7.45903
-0.712 7.43371
-0.711 7.4085
-0.71 7.38341
-0.709 7.35845
-0.708 7.3336
-0.707 7.30887
-0.706 7.28426
-0.705 7.25977
-0.704 7.2354
-0.703 7.21114
-0.702 7.187
-0.701 7.16298
-0.7 7.13907
-0.699 7.11528
-0.698 7.0916
-0.697 7.06803
-0.696 7.04458
-0.695 7.02123
-0.694 6.998
-0.693 6.97489
-0.692 6.95188
-0.691 6.92898
-0.69 6.90619
-0.689 6.88351
-0.688 6.86094
-0.687 6.83848
-0.686 6.81612
-0.685 6.79387
-0.684 6.77173
-0.683 6.74969
-0.682 6.72776
-0.681 6.70593
-0.68 6.68421
-0.679 6.66259
-0.678 6.64108
-0.677 6.61966
-0.676 6.59835
-0.675 6.57714
-0.674 6.55603
-0.673 6.53502
-0.672 6.51411
-0.671 6.49331
-0.67 6.4726
-0.669 6.45198
-0.668 6.43147
-0.667 6.41106
-0.666 6.39074
-0.665 6.37051
-0.664 6.35039
-0.663 6.33036
-0.662 6.31042
-0.661 6.29058
-0.66 6.27083
-0.659 6.25118
-0.658 6.23162
-0.657 6.21215
-0.656 6.19277
-0.655 6.17349
-0.654 6.15429
-0.653 6.13519
-0.652 6.11618
-0.651 6.09725
-0.65 6.07842
-0.649 6.05967
-0.648 6.04102
-0.647 6.02245
-0.646 6.00397
-0.645 5.98557
-0.644 5.96726
-0.643 5.94904
-0.642 5.9309
-0.641 5.91285
-0.64 5.89489
-0.639 5.877
-0.638 5.8592
-0.637 5.84149
-0.636 5.82385
-0.635 5.8063
-0.634 5.78883
-0.633 5.77145
-0.632 5.75414
-0.631 5.73692
-0.63 5.71977
-0.629 5.70271
-0.628 5.68572
-0.627 5.66881
-0.626 5.65199
-0.625 5.63523
-0.624 5.61856
-0.623 5.60197
-0.622 5.58545
-0.621 5.56901
-0.62 5.55264
-0.619 5.53635
-0.618 5.52013
-0.617 5.50399
-0.616 5.48793
-0.615 5.47194
-0.614 5.45602
-0.613 5.44017
-0.612 5.4244
-0.611 5.4087
-0.61 5.39307
-0.609 5.37751
-0.608 5.36203
-0.607 5.34661
-0.606 5.33127
-0.605 5.31599
-0.604 5.30079
-0.603 5.28565
-0.602 5.27058
-0.601 5.25559
-0.6 5.24066
-0.599 5.22579
-0.598 5.211
-0.597 5.19627
-0.596 5.18161
-0.595 5.16701
-0.594 5.15248
-0.593 5.13802
-0.592 5.12362
-0.591 5.10928
-0.59 5.09501
-0.589 5.08081
-0.588 5.06666
-0.587 5.05259
-0.586 5.03857
-0.585 5.02461
-0.584 5.01072
-0.583 4.99689
-0.582 4.98312
-0.581 4.96942
-0.58 4.95577
-0.579 4.94219
-0.578 4.92866
-0.577 4.91519
-0.576 4.90179
-0.575 4.88844
-0.574 4.87515
-0.573 4.86192
-0.572 4.84875
-0.571 4.83563
-0.57 4.82257
-0.569 4.80957
-0.568 4.79663
-0.567 4.78374
-0.566 4.77091
-0.565 4.75814
-0.564 4.74542
-0.563 4.73275
-0.562 4.72014
-0.561 4.70759
-0.56 4.69508
-0.559 4.68264
-0.558 4.67024
-0.557 4.6579
-0.556 4.64561
-0.555 4.63338
-0.554 4.62119
-0.553 4.60906
-0.552 4.59698
-0.551 4.58495
-0.55 4.57298
-0.549 4.56105
-0.548 4.54917
-0.547 4.53735
-0.546 4.52557
-0.545 4.51384
-0.544 4.50217
-0.543 4.49054
-0.542 4.47896
-0.541 4.46742
-0.54 4.45594
-0.539 4.4445
-0.538 4.43312
-0.537 4.42177
-0.536 4.41048
-0.535 4.39923
-0.534 4.38803
-0.533 4.37687
-0.532 4.36576
-0.531 4.3547
-0.53 4.34368
-0.529 4.33271
-0.528 4.32178
-0.527 4.31089
-0.526 4.30005
-0.525 4.28925
-0.524 4.2785
-0.523 4.26779
-0.522 4.25712
-0.521 4.2465
-0.52 4.23591
-0.519 4.22537
-0.518 4.21488
-0.517 4.20442
-0.516 4.194
-0.515 4.18363
-0.514 4.1733
-0.513 4.16301
-0.512 4.15275
-0.511 4.14254
-0.51 4.13237
-0.509 4.12224
-0.508 4.11215
-0.507 4.10209
-0.506 4.09208
-0.505 4.0821
-0.504 4.07216
-0.503 4.06226
-0.502 4.0524
-0.501 4.04258
-0.5 4.03279
-0.499 4.02304
-0.498 4.01333
-0.497 4.00366
-0.496 3.99402
-0.495 3.98442
-0.494 3.97485
-0.493 3.96532
-0.492 3.95582
-0.491 3.94636
-0.49 3.93694
-0.489 3.92755
-0.488 3.91819
-0.487 3.90887
-0.486 3.89959
-0.485 3.89033
-0.484 3.88111
-0.483 3.87193
-0.482 3.86278
-0.481 3.85366
-0.48 3.84457
-0.479 3.83552
-0.478 3.8265
-0.477 3.81751
-0.476 3.80855
-0.475 3.79963
-0.474 3.79073
-0.473 3.78187
-0.472 3.77304
-0.471 3.76424
-0.47 3.75547
-0.469 3.74673
-0.468 3.73802
-0.467 3.72935
-0.466 3.7207
-0.465 3.71208
-0.464 3.70349
-0.463 3.69493
-0.462 3.6864
-0.461 3.6779
-0.46 3.66943
-0.459 3.66098
-0.458 3.65257
-0.457 3.64418
-0.456 3.63582
-0.455 3.62749
-0.454 3.61918
-0.453 3.61091
-0.452 3.60266
-0.451 3.59443
-0.45 3.58624
-0.449 3.57807
-0.448 3.56993
-0.447 3.56181
-0.446 3.55372
-0.445 3.54566
-0.444 3.53762
-0.443 3.5296
-0.442 3.52162
-0.441 3.51365
-0.44 3.50572
-0.439 3.4978
-0.438 3.48991
-0.437 3.48205
-0.436 3.47421
-0.435 3.4664
-0.434 3.45861
-0.433 3.45084
-0.432 3.44309
-0.431 3.43537
-0.43 3.42768
-0.429 3.42
-0.428 3.41235
-0.427 3.40472
-0.426 3.39712
-0.425 3.38954
-0.424 3.38198
-0.423 3.37444
-0.422 3.36692
-0.421 3.35943
-0.42 3.35195
-0.419 3.3445
-0.418 3.33707
-0.417 3.32966
-0.416 3.32228
-0.415 3.31491
-0.414 3.30756
-0.413 3.30024
-0.412 3.29293
-0.411 3.28565
-0.41 3.27838
-0.409 3.27114
-0.408 3.26391
-0.407 3.25671
-0.406 3.24952
-0.405 3.24236
-0.404 3.23521
-0.403 3.22808
-0.402 3.22097
-0.401 3.21388
-0.4 3.20681
-0.399 3.19976
-0.398 3.19273
-0.397 3.18571
-0.396 3.17871
-0.395 3.17173
-0.394 3.16477
-0.393 3.15783
-0.392 3.1509
-0.391 3.14399
-0.39 3.1371
-0.389 3.13022
-0.388 3.12337
-0.387 3.11652
-0.386 3.1097
-0.385 3.10289
-0.384 3.0961
-0.383 3.08933
-0.382 3.08257
-0.381 3.07583
-0.38 3.0691
-0.379 3.06239
-0.378 3.0557
-0.377 3.04902
-0.376 3.04236
-0.375 3.03571
-0.374 3.02908
-0.373 3.02246
-0.372 3.01586
-0.371 3.00927
-0.37 3.0027
-0.369 2.99614
-0.368 2.9896
-0.367 2.98307
-0.366 2.97655
-0.365 2.97005
-0.364 2.96357
-0.363 2.95709
-0.362 2.95064
-0.361 2.94419
-0.36 2.93776
-0.359 2.93134
-0.358 2.92494
-0.357 2.91855
-0.356 2.91217
-0.355 2.90581
-0.354 2.89946
-0.353 2.89312
-0.352 2.88679
-0.351 2.88048
-0.35 2.87418
-0.349 2.86789
-0.348 2.86162
-0.347 2.85535
-0.346 2.8491
-0.345 2.84286
-0.344 2.83664
-0.343 2.83042
-0.342 2.82422
-0.341 2.81803
-0.34 2.81185
-0.339 2.80568
-0.338 2.79952
-0.337 2.79338
-0.336 2.78724
-0.335 2.78112
-0.334 2.775
-0.333 2.7689
-0.332 2.76281
-0.331 2.75673
-0.33 2.75066
-0.329 2.7446
-0.328 2.73855
-0.327 2.73252
-0.326 2.72649
-0.325 2.72047
-0.324 2.71446
-0.323 2.70847
-0.322 2.70248
-0.321 2.6965
-0.32 2.69053
-0.319 2.68457
-0.318 2.67862
-0.317 2.67268
-0.316 2.66675
-0.315 2.66083
-0.314 2.65492
-0.313 2.64902
-0.312 2.64313
-0.311 2.63724
-0.31 2.63137
-0.309 2.6255
-0.308 2.61964
-0.307 2.61379
-0.306 2.60795
-0.305 2.60212
-0.304 2.5963
-0.303 2.59048
-0.302 2.58467
-0.301 2.57888
-0.3 2.57308
-0.299 2.5673
-0.298 2.56153
-0.297 2.55576
-0.296 2.55
-0.295 2.54425
-0.294 2.53851
-0.293 2.53277
-0.292 2.52704
-0.291 2.52132
-0.29 2.51561
-0.289 2.5099
-0.288 2.5042
-0.287 2.49851
-0.286 2.49283
-0.285 2.48715
-0.284 2.48148
-0.283 2.47582
-0.282 2.47016
-0.281 2.46451
-0.28 2.45887
-0.279 2.45323
-0.278 2.4476
-0.277 2.44198
-0.276 2.43636
-0.275 2.43075
-0.274 2.42515
-0.273 2.41955
-0.272 2.41396
-0.271 2.40838
-0.27 2.4028
-0.269 2.39722
-0.268 2.39166
-0.267 2.3861
-0.266 2.38054
-0.265 2.37499
-0.264 2.36945
-0.263 2.36391
-0.262 2.35838
-0.261 2.35285
-0.26 2.34733
-0.259 2.34182
-0.258 2.33631
-0.257 2.3308
-0.256 2.3253
-0.255 2.31981
-0.254 2.31432
-0.253 2.30884
-0.252 2.30336
-0.251 2.29789
-0.25 2.29242
-0.249 2.28695
-0.248 2.2815
-0.247 2.27604
-0.246 2.27059
-0.245 2.26515
-0.244 2.25971
-0.243 2.25427
-0.242 2.24884
-0.241 2.24342
-0.24 2.238
-0.239 2.23258
-0.238 2.22717
-0.237 2.22176
-0.236 2.21636
-0.235 2.21096
-0.234 2.20556
-0.233 2.20017
-0.232 2.19479
-0.231 2.18941
-0.23 2.18403
-0.229 2.17865
-0.228 2.17328
-0.227 2.16792
-0.226 2.16255
-0.225 2.1572
-0.224 2.15184
-0.223 2.14649
-0.222 2.14114
-0.221 2.1358
-0.22 2.13046
-0.219 2.12512
-0.218 2.11979
-0.217 2.11446
-0.216 2.10914
-0.215 2.10381
-0.214 2.0985
-0.213 2.09318
-0.212 2.08787
-0.211 2.08256
-0.21 2.07725
-0.209 2.07195
-0.208 2.06665
-0.207 2.06136
-0.206 2.05607
-0.205 2.05078
-0.204 2.04549
-0.203 2.04021
-0.202 2.03493
-0.201 2.02965
-0.2 2.02437
-0.199 2.0191
-0.198 2.01383
-0.197 2.00857
-0.196 2.0033
-0.195 1.99804
-0.194 1.99279
-0.193 1.98753
-0.192 1.98228
-0.191 1.97703
-0.19 1.97178
-0.189 1.96654
-0.188 1.9613
-0.187 1.95606
-0.186 1.95082
-0.185 1.94559
-0.184 1.94035
-0.183 1.93513
-0.182 1.9299
-0.181 1.92467
-0.18 1.91945
-0.179 1.91423
-0.178 1.90901
-0.177 1.9038
-0.176 1.89859
-0.175 1.89337
-0.174 1.88817
-0.173 1.88296
-0.172 1.87775
-0.171 1.87255
-0.17 1.86735
-0.169 1.86215
-0.168 1.85696
-0.167 1.85176
-0.166 1.84657
-0.165 1.84138
-0.164 1.83619
-0.163 1.831
-0.162 1.82582
-0.161 1.82064
-0.16 1.81546
-0.159 1.81028
-0.158 1.8051
-0.157 1.79993
-0.156 1.79475
-0.155 1.78958
-0.154 1.78441
-0.153 1.77924
-0.152 1.77407
-0.151 1.76891
-0.15 1.76375
-0.149 1.75858
-0.148 1.75342
-0.147 1.74826
-0.146 1.74311
-0.145 1.73795
-0.144 1.7328
-0.143 1.72765
-0.142 1.72249
-0.141 1.71734
-0.14 1.7122
-0.139 1.70705
-0.138 1.7019
-0.137 1.69676
-0.136 1.69162
-0.135 1.68648
-0.134 1.68134
-0.133 1.6762
-0.132 1.67106
-0.131 1.66593
-0.13 1.66079
-0.129 1.65566
-0.128 1.65053
-0.127 1.6454
-0.126 1.64027
-0.125 1.63514
-0.124 1.63001
-0.123 1.62489
-0.122 1.61976
-0.121 1.61464
-0.12 1.60952
-0.119 1.6044
-0.118 1.59928
-0.117 1.59416
-0.116 1.58904
-0.115 1.58393
-0.114 1.57881
-0.113 1.5737
-0.112 1.56858
-0.111 1.56347
-0.11 1.55836
-0.109 1.55325
-0.108 1.54814
-0.107 1.54303
-0.106 1.53793
-0.105 1.53282
-0.104 1.52772
-0.103 1.52261
-0.102 1.51751
-0.101 1.51241
-0.1 1.5073
-0.099 1.5022
-0.098 1.49711
-0.097 1.49201
-0.096 1.48691
-0.095 1.48181
-0.094 1.47672
-0.093 1.47162
-0.092 1.46653
-0.091 1.46144
-0.09 1.45634
-0.089 1.45125
-0.088 1.44616
-0.087 1.44107
-0.086 1.43598
-0.085 1.4309
-0.084 1.42581
-0.083 1.42072
-0.082 1.41564
-0.081 1.41055
-0.08 1.40547
-0.079 1.40038
-0.078 1.3953
-0.077 1.39022
-0.076 1.38514
-0.075 1.38006
-0.074 1.37498
-0.073 1.3699
-0.072 1.36482
-0.071 1.35975
-0.07 1.35467
-0.069 1.34959
-0.068 1.34452
-0.067 1.33945
-0.066 1.33437
-0.065 1.3293
-0.064 1.32423
-0.063 1.31916
-0.062 1.31408
-0.061 1.30901
-0.06 1.30395
-0.059 1.29888
-0.058 1.29381
-0.057 1.28874
-0.056 1.28367
-0.055 1.27861
-0.054 1.27354
-0.053 1.26848
-0.052 1.26342
-0.051 1.25835
-0.05 1.25329
-0.049 1.24823
-0.048 1.24317
-0.047 1.23811
-0.046 1.23305
-0.045 1.22799
-0.044 1.22293
-0.043 1.21787
-0.042 1.21281
-0.041 1.20776
-0.04 1.2027
-0.039 1.19764
-0.038 1.19259
-0.037 1.18753
-0.036 1.18248
-0.035 1.17743
-0.034 1.17238
-0.033 1.16732
-0.032 1.16227
-0.031 1.15722
-0.03 1.15217
-0.029 1.14712
-0.028 1.14208
-0.027 1.13703
-0.026 1.13198
-0.025 1.12693
-0.024 1.12189
-0.023 1.11684
-0.022 1.1118
-0.021 1.10675
-0.02 1.10171
-0.019 1.09667
-0.018 1.09162
-0.017 1.08658
-0.016 1.08154
-0.015 1.0765
-0.014 1.07146
-0.013 1.06642
-0.012 1.06138
-0.011 1.05635
-0.01 1.05131
-0.009 1.04627
-0.008 1.04124
-0.007 1.0362
-0.006 1.03117
-0.005 1.02613
-0.004 1.0211
-0.003 1.01607
-0.002 1.01104
-0.001 1.006
8.8124e-16 1.0
0.001 0.995943
0.002 0.990914
0.003 0.985885
0.004 0.980857
0.005 0.975829
0.006 0.970803
0.007 0.965777
0.008 0.960751
0.009 0.955726
0.01 0.950702
0.011 0.945679
0.012 0.940656
0.013 0.935634
0.014 0.930612
0.015 0.925592
0.016 0.920572
0.017 0.915552
0.018 0.910534
0.019 0.905516
0.02 0.900498
0.021 0.895482
0.022 0.890466
0.023 0.885451
0.024 0.880436
0.025 0.875423
0.026 0.87041
0.027 0.865397
0.028 0.860386
0.029 0.855375
0.03 0.850365
0.031 0.845356
0.032 0.840347
0.033 0.835339
0.034 0.830332
0.035 0.825326
0.036 0.82032
0.037 0.815315
0.038 0.810311
0.039 0.805308
0.04 0.800305
0.041 0.795303
0.042 0.790302
0.043 0.785302
0.044 0.780303
0.045 0.775304
0.046 0.770306
0.047 0.765309
0.048 0.760313
0.049 0.755317
0.05 0.750322
0.051 0.745329
0.052 0.740336
0.053 0.735343
0.054 0.730352
0.055 0.725361
0.056 0.720372
0.057 0.715383
0.058 0.710395
0.059 0.705407
0.06 0.700421
0.061 0.695436
0.062 0.690451
0.063 0.685467
0.064 0.680484
0.065 0.675502
0.066 0.670521
0.067 0.665541
0.068 0.660562
0.069 0.655583
0.07 0.650606
0.071 0.645629
0.072 0.640653
0.073 0.635678
0.074 0.630704
0.075 0.625731
0.076 0.620759
0.077 0.615788
0.078 0.610818
0.079 0.605849
0.08 0.600881
0.081 0.595913
0.082 0.590947
0.083 0.585981
0.084 0.581017
0.085 0.576053
0.086 0.571091
0.087 0.566129
0.088 0.561169
0.089 0.556209
0.09 0.551251
0.091 0.546293
0.092 0.541337
0.093 0.536381
0.094 0.531427
0.095 0.526473
0.096 0.521521
0.097 0.51657
0.098 0.511619
0.099 0.50667
0.1 0.501722
0.101 0.496775
0.102 0.491828
0.103 0.486883
0.104 0.481939
0.105 0.476997
0.106 0.472055
0.107 0.467114
0.108 0.462174
0.109 0.457236
0.11 0.452298
0.111 0.447362
0.112 0.442427
0.113 0.437493
0.114 0.43256
0.115 0.427628
0.116 0.422697
0.117 0.417768
0.118 0.412839
0.119 0.407912
0.12 0.402986
0.121 0.398061
0.122 0.393137
0.123 0.388215
0.124 0.383293
0.125 0.378373
0.126 0.373454
0.127 0.368536
0.128 0.36362
0.129 0.358704
0.13 0.35379
0.131 0.348877
0.132 0.343966
0.133 0.339055
0.134 0.334146
0.135 0.329238
0.136 0.324331
0.137 0.319425
0.138 0.314521
0.139 0.309618
0.14 0.304716
0.141 0.299816
0.142 0.294917
0.143 0.290019
0.144 0.285122
0.145 0.280227
0.146 0.275333
0.147 0.27044
0.148 0.265548
0.149 0.260658
0.15 0.255769
0.151 0.250882
0.152 0.245996
0.153 0.241111
0.154 0.236228
0.155 0.231345
0.156 0.226465
0.157 0.221585
0.158 0.216707
0.159 0.211831
0.16 0.206955
0.161 0.202081
0.162 0.197209
0.163 0.192338
0.164 0.187468
0.165 0.1826
0.166 0.177733
0.167 0.172867
0.168 0.168003
0.169 0.16314
0.17 0.158279
0.171 0.153419
0.172 0.148561
0.173 0.143704
0.174 0.138848
0.175 0.133994
0.176 0.129142
0.177 0.12429
0.178 0.119441
0.179 0.114593
0.18 0.109746
0.181 0.104901
0.182 0.100057
0.183 0.095214
0.184 0.090373
0.185 0.085534
0.186 0.080696
0.187 0.075860
0.188 0.071025
0.189 0.066192
0.19 0.0613609
0.191 0.056530
0.192 0.051702
0.193 0.046875
0.194 0.042049
0.195 0.037225
0.196 0.032403
0.197 0.027582
0.198 0.022763
0.199 0.017945
0.2 0.0131292
0.201 0.008314
0.202 0.003501
0.203 -0.00130
0.204 -0.00611
0.205 -0.01092
0.206 -0.01573
0.207 -0.02053
0.208 -0.02534
0.209 -0.03014
0.21 -0.034944
0.211 -0.03974
0.212 -0.04453
0.213 -0.04933
0.214 -0.05412
0.215 -0.05892
0.216 -0.06371
0.217 -0.06849
0.218 -0.07328
0.219 -0.07807
0.22 -0.082855
0.221 -0.08763
0.222 -0.09241
0.223 -0.09719
0.224 -0.10197
0.225 -0.10674
0.226 -0.11152
0.227 -0.11629
0.228 -0.12106
0.229 -0.12583
0.23 -0.130599
0.231 -0.13536
0.232 -0.14012
0.233 -0.14488
0.234 -0.14964
0.235 -0.15440
0.236 -0.15916
0.237 -0.16391
0.238 -0.16867
0.239 -0.17342
0.24 -0.17817
0.241 -0.18291
0.242 -0.18766
0.243 -0.19240
0.244 -0.19715
0.245 -0.20189
0.246 -0.20662
0.247 -0.21136
0.248 -0.21610
0.249 -0.22083
0.25 -0.225566
0.251 -0.23029
0.252 -0.23502
0.253 -0.23974
0.254 -0.24447
0.255 -0.24919
0.256 -0.25391
0.257 -0.25863
0.258 -0.26335
0.259 -0.26806
0.26 -0.272781
0.261 -0.27749
0.262 -0.28220
0.263 -0.28691
0.264 -0.29161
0.265 -0.29632
0.266 -0.30102
0.267 -0.30572
0.268 -0.31042
0.269 -0.31511
0.27 -0.319812
0.271 -0.32450
0.272 -0.32919
0.273 -0.33388
0.274 -0.33857
0.275 -0.34325
0.276 -0.34794
0.277 -0.35262
0.278 -0.35730
0.279 -0.36198
0.28 -0.366656
0.281 -0.37133
0.282 -0.37600
0.283 -0.38067
0.284 -0.38534
0.285 -0.39000
0.286 -0.39467
0.287 -0.39933
0.288 -0.40399
0.289 -0.40865
0.29 -0.413308
0.291 -0.41796
0.292 -0.42261
0.293 -0.42726
0.294 -0.43191
0.295 -0.43656
0.296 -0.44120
0.297 -0.44584
0.298 -0.45049
0.299 -0.45512
0.3 -0.459765
0.301 -0.4644
0.302 -0.46903
0.303 -0.47366
0.304 -0.47829
0.305 -0.48292
0.306 -0.48754
0.307 -0.49216
0.308 -0.49678
0.309 -0.50140
0.31 -0.506025
0.311 -0.51063
0.312 -0.51525
0.313 -0.51986
0.314 -0.52447
0.315 -0.52907
0.316 -0.53368
0.317 -0.53828
0.318 -0.54288
0.319 -0.54748
0.32 -0.552083
0.321 -0.55667
0.322 -0.56127
0.323 -0.56586
0.324 -0.57044
0.325 -0.57503
0.326 -0.57962
0.327 -0.58420
0.328 -0.58878
0.329 -0.59336
0.33 -0.597936
0.331 -0.60251
0.332 -0.60708
0.333 -0.61165
0.334 -0.61622
0.335 -0.62078
0.336 -0.62534
0.337 -0.62991
0.338 -0.63447
0.339 -0.63902
0.34 -0.643583
0.341 -0.64813
0.342 -0.65268
0.343 -0.65723
0.344 -0.66178
0.345 -0.66632
0.346 -0.67087
0.347 -0.67541
0.348 -0.67995
0.349 -0.68448
0.35 -0.68902
0.351 -0.69355
0.352 -0.69808
0.353 -0.70261
0.354 -0.70713
0.355 -0.71165
0.356 -0.71618
0.357 -0.7207
0.358 -0.72521
0.359 -0.72973
0.36 -0.734245
0.361 -0.73875
0.362 -0.74326
0.363 -0.74777
0.364 -0.75227
0.365 -0.75677
0.366 -0.76127
0.367 -0.76577
0.368 -0.77027
0.369 -0.77476
0.37 -0.779254
0.371 -0.78374
0.372 -0.78823
0.373 -0.79271
0.374 -0.79719
0.375 -0.80167
0.376 -0.80615
0.377 -0.81063
0.378 -0.81510
0.379 -0.81957
0.38 -0.824046
0.381 -0.82851
0.382 -0.83297
0.383 -0.83744
0.384 -0.84190
0.385 -0.84636
0.386 -0.85081
0.387 -0.85527
0.388 -0.85972
0.389 -0.86417
0.39 -0.868619
0.391 -0.87306
0.392 -0.87750
0.393 -0.88194
0.394 -0.88638
0.395 -0.89082
0.396 -0.89525
0.397 -0.89968
0.398 -0.90411
0.399 -0.90854
0.4 -0.912969
0.401 -0.91739
0.402 -0.92181
0.403 -0.92623
0.404 -0.93064
0.405 -0.93506
0.406 -0.93947
0.407 -0.94388
0.408 -0.94828
0.409 -0.95269
0.41 -0.957095
0.411 -0.96149
0.412 -0.96589
0.413 -0.97028
0.414 -0.97468
0.415 -0.97907
0.416 -0.98346
0.417 -0.98784
0.418 -0.99223
0.419 -0.99661
0.42 -1.00099
0.421 -1.00537
0.422 -1.00975
0.423 -1.01412
0.424 -1.01849
0.425 -1.02286
0.426 -1.02722
0.427 -1.03159
0.428 -1.03595
0.429 -1.04031
0.43 -1.04466
0.431 -1.04902
0.432 -1.05337
0.433 -1.05772
0.434 -1.06207
0.435 -1.06641
0.436 -1.07075
0.437 -1.07509
0.438 -1.07943
0.439 -1.08377
0.44 -1.0881
0.441 -1.09243
0.442 -1.09676
0.443 -1.10109
0.444 -1.10541
0.445 -1.10973
0.446 -1.11405
0.447 -1.11837
0.448 -1.12268
0.449 -1.127
0.45 -1.13131
0.451 -1.13561
0.452 -1.13992
0.453 -1.14422
0.454 -1.14852
0.455 -1.15282
0.456 -1.15712
0.457 -1.16141
0.458 -1.1657
0.459 -1.16999
0.46 -1.17428
0.461 -1.17856
0.462 -1.18284
0.463 -1.18712
0.464 -1.1914
0.465 -1.19567
0.466 -1.19994
0.467 -1.20421
0.468 -1.20848
0.469 -1.21274
0.47 -1.21701
0.471 -1.22127
0.472 -1.22552
0.473 -1.22978
0.474 -1.23403
0.475 -1.23828
0.476 -1.24253
0.477 -1.24677
0.478 -1.25102
0.479 -1.25526
0.48 -1.25949
0.481 -1.26373
0.482 -1.26796
0.483 -1.27219
0.484 -1.27642
0.485 -1.28065
0.486 -1.28487
0.487 -1.28909
0.488 -1.29331
0.489 -1.29753
0.49 -1.30174
0.491 -1.30595
0.492 -1.31016
0.493 -1.31437
0.494 -1.31857
0.495 -1.32277
0.496 -1.32697
0.497 -1.33117
0.498 -1.33536
0.499 -1.33955
0.5 -1.34374
0.501 -1.34792
0.502 -1.35211
0.503 -1.35629
0.504 -1.36047
0.505 -1.36464
0.506 -1.36882
0.507 -1.37299
0.508 -1.37716
0.509 -1.38132
0.51 -1.38549
0.511 -1.38965
0.512 -1.39381
0.513 -1.39796
0.514 -1.40212
0.515 -1.40627
0.516 -1.41042
0.517 -1.41456
0.518 -1.41871
0.519 -1.42285
0.52 -1.42699
0.521 -1.43112
0.522 -1.43525
0.523 -1.43938
0.524 -1.44351
0.525 -1.44764
0.526 -1.45176
0.527 -1.45588
0.528 -1.46
0.529 -1.46411
0.53 -1.46823
0.531 -1.47234
0.532 -1.47644
0.533 -1.48055
0.534 -1.48465
0.535 -1.48875
0.536 -1.49285
0.537 -1.49694
0.538 -1.50103
0.539 -1.50512
0.54 -1.50921
0.541 -1.51329
0.542 -1.51737
0.543 -1.52145
0.544 -1.52553
0.545 -1.5296
0.546 -1.53367
0.547 -1.53774
0.548 -1.54181
0.549 -1.54587
0.55 -1.54993
0.551 -1.55399
0.552 -1.55804
0.553 -1.56209
0.554 -1.56614
0.555 -1.57019
0.556 -1.57423
0.557 -1.57828
0.558 -1.58231
0.559 -1.58635
0.56 -1.59038
0.561 -1.59441
0.562 -1.59844
0.563 -1.60247
0.564 -1.60649
0.565 -1.61051
0.566 -1.61453
0.567 -1.61854
0.568 -1.62255
0.569 -1.62656
0.57 -1.63057
0.571 -1.63457
0.572 -1.63857
0.573 -1.64257
0.574 -1.64656
0.575 -1.65056
0.576 -1.65455
0.577 -1.65853
0.578 -1.66252
0.579 -1.6665
0.58 -1.67048
0.581 -1.67445
0.582 -1.67842
0.583 -1.68239
0.584 -1.68636
0.585 -1.69033
0.586 -1.69429
0.587 -1.69825
0.588 -1.7022
0.589 -1.70616
0.59 -1.71011
0.591 -1.71405
0.592 -1.718
0.593 -1.72194
0.594 -1.72588
0.595 -1.72982
0.596 -1.73375
0.597 -1.73768
0.598 -1.74161
0.599 -1.74553
0.6 -1.74945
0.601 -1.75337
0.602 -1.75729
0.603 -1.7612
0.604 -1.76511
0.605 -1.76902
0.606 -1.77292
0.607 -1.77682
0.608 -1.78072
0.609 -1.78462
0.61 -1.78851
0.611 -1.7924
0.612 -1.79629
0.613 -1.80017
0.614 -1.80405
0.615 -1.80793
0.616 -1.81181
0.617 -1.81568
0.618 -1.81955
0.619 -1.82341
0.62 -1.82728
0.621 -1.83114
0.622 -1.83499
0.623 -1.83885
0.624 -1.8427
0.625 -1.84655
0.626 -1.85039
0.627 -1.85423
0.628 -1.85807
0.629 -1.86191
0.63 -1.86574
0.631 -1.86957
0.632 -1.8734
0.633 -1.87722
0.634 -1.88104
0.635 -1.88486
0.636 -1.88868
0.637 -1.89249
0.638 -1.8963
0.639 -1.9001
0.64 -1.9039
0.641 -1.9077
0.642 -1.9115
0.643 -1.91529
0.644 -1.91908
0.645 -1.92287
0.646 -1.92665
0.647 -1.93043
0.648 -1.93421
0.649 -1.93798
0.65 -1.94175
0.651 -1.94552
0.652 -1.94929
0.653 -1.95305
0.654 -1.9568
0.655 -1.96056
0.656 -1.96431
0.657 -1.96806
0.658 -1.97181
0.659 -1.97555
0.66 -1.97929
0.661 -1.98302
0.662 -1.98675
0.663 -1.99048
0.664 -1.99421
0.665 -1.99793
0.666 -2.00165
0.667 -2.00537
0.668 -2.00908
0.669 -2.01279
0.67 -2.0165
0.671 -2.0202
0.672 -2.0239
0.673 -2.02759
0.674 -2.03129
0.675 -2.03498
0.676 -2.03866
0.677 -2.04235
0.678 -2.04603
0.679 -2.0497
0.68 -2.05338
0.681 -2.05705
0.682 -2.06071
0.683 -2.06437
0.684 -2.06803
0.685 -2.07169
0.686 -2.07534
0.687 -2.07899
0.688 -2.08264
0.689 -2.08628
0.69 -2.08992
0.691 -2.09355
0.692 -2.09719
0.693 -2.10081
0.694 -2.10444
0.695 -2.10806
0.696 -2.11168
0.697 -2.11529
0.698 -2.11891
0.699 -2.12251
0.7 -2.12612
0.701 -2.12972
0.702 -2.13332
0.703 -2.13691
0.704 -2.1405
0.705 -2.14409
0.706 -2.14767
0.707 -2.15125
0.708 -2.15482
0.709 -2.1584
0.71 -2.16196
0.711 -2.16553
0.712 -2.16909
0.713 -2.17265
0.714 -2.1762
0.715 -2.17975
0.716 -2.1833
0.717 -2.18684
0.718 -2.19038
0.719 -2.19392
0.72 -2.19745
0.721 -2.20098
0.722 -2.20451
0.723 -2.20803
0.724 -2.21155
0.725 -2.21506
0.726 -2.21857
0.727 -2.22208
0.728 -2.22558
0.729 -2.22908
0.73 -2.23257
0.731 -2.23607
0.732 -2.23955
0.733 -2.24304
0.734 -2.24652
0.735 -2.24999
0.736 -2.25347
0.737 -2.25694
0.738 -2.2604
0.739 -2.26386
0.74 -2.26732
0.741 -2.27077
0.742 -2.27422
0.743 -2.27767
0.744 -2.28111
0.745 -2.28455
0.746 -2.28798
0.747 -2.29142
0.748 -2.29484
0.749 -2.29826
0.75 -2.30168
0.751 -2.3051
0.752 -2.30851
0.753 -2.31192
0.754 -2.31532
0.755 -2.31872
0.756 -2.32211
0.757 -2.32551
0.758 -2.32889
0.759 -2.33228
0.76 -2.33566
0.761 -2.33903
0.762 -2.3424
0.763 -2.34577
0.764 -2.34913
0.765 -2.35249
0.766 -2.35585
0.767 -2.3592
0.768 -2.36255
0.769 -2.36589
0.77 -2.36923
0.771 -2.37256
0.772 -2.3759
0.773 -2.37922
0.774 -2.38254
0.775 -2.38586
0.776 -2.38918
0.777 -2.39249
0.778 -2.39579
0.779 -2.3991
0.78 -2.40239
0.781 -2.40569
0.782 -2.40898
0.783 -2.41226
0.784 -2.41554
0.785 -2.41882
0.786 -2.42209
0.787 -2.42536
0.788 -2.42863
0.789 -2.43189
0.79 -2.43514
0.791 -2.4384
0.792 -2.44164
0.793 -2.44489
0.794 -2.44813
0.795 -2.45136
0.796 -2.45459
0.797 -2.45782
0.798 -2.46104
0.799 -2.46426
0.8 -2.46747
0.801 -2.47068
0.802 -2.47388
0.803 -2.47708
0.804 -2.48028
0.805 -2.48347
0.806 -2.48666
0.807 -2.48984
0.808 -2.49302
0.809 -2.49619
0.81 -2.49936
0.811 -2.50253
0.812 -2.50569
0.813 -2.50884
0.814 -2.512
0.815 -2.51514
0.816 -2.51829
0.817 -2.52142
0.818 -2.52456
0.819 -2.52769
0.82 -2.53081
0.821 -2.53393
0.822 -2.53705
0.823 -2.54016
0.824 -2.54327
0.825 -2.54637
0.826 -2.54947
0.827 -2.55256
0.828 -2.55565
0.829 -2.55874
0.83 -2.56182
0.831 -2.56489
0.832 -2.56796
0.833 -2.57103
0.834 -2.57409
0.835 -2.57715
0.836 -2.5802
0.837 -2.58325
0.838 -2.58629
0.839 -2.58933
0.84 -2.59236
0.841 -2.59539
0.842 -2.59842
0.843 -2.60144
0.844 -2.60445
0.845 -2.60746
0.846 -2.61047
0.847 -2.61347
0.848 -2.61647
0.849 -2.61946
0.85 -2.62244
0.851 -2.62543
0.852 -2.62841
0.853 -2.63138
0.854 -2.63435
0.855 -2.63731
0.856 -2.64027
0.857 -2.64322
0.858 -2.64617
0.859 -2.64912
0.86 -2.65206
0.861 -2.65499
0.862 -2.65792
0.863 -2.66085
0.864 -2.66377
0.865 -2.66668
0.866 -2.66959
0.867 -2.6725
0.868 -2.6754
0.869 -2.6783
0.87 -2.68119
0.871 -2.68408
0.872 -2.68696
0.873 -2.68983
0.874 -2.69271
0.875 -2.69557
0.876 -2.69844
0.877 -2.70129
0.878 -2.70415
0.879 -2.70699
0.88 -2.70984
0.881 -2.71268
0.882 -2.71551
0.883 -2.71834
0.884 -2.72116
0.885 -2.72398
0.886 -2.72679
0.887 -2.7296
0.888 -2.7324
0.889 -2.7352
0.89 -2.738
0.891 -2.74078
0.892 -2.74357
0.893 -2.74635
0.894 -2.74912
0.895 -2.75189
0.896 -2.75465
0.897 -2.75741
0.898 -2.76017
0.899 -2.76291
0.9 -2.76566
0.901 -2.7684
0.902 -2.77113
0.903 -2.77386
0.904 -2.77658
0.905 -2.7793
0.906 -2.78202
0.907 -2.78472
0.908 -2.78743
0.909 -2.79013
0.91 -2.79282
0.911 -2.79551
0.912 -2.79819
0.913 -2.80087
0.914 -2.80354
0.915 -2.80621
0.916 -2.80888
0.917 -2.81153
0.918 -2.81419
0.919 -2.81683
0.92 -2.81948
0.921 -2.82212
0.922 -2.82475
0.923 -2.82738
0.924 -2.83
0.925 -2.83262
0.926 -2.83523
0.927 -2.83784
0.928 -2.84044
0.929 -2.84304
0.93 -2.84563
0.931 -2.84822
0.932 -2.8508
0.933 -2.85337
0.934 -2.85595
0.935 -2.85851
0.936 -2.86107
0.937 -2.86363
0.938 -2.86618
0.939 -2.86873
0.94 -2.87127
0.941 -2.87381
0.942 -2.87634
0.943 -2.87886
0.944 -2.88138
0.945 -2.8839
0.946 -2.88641
0.947 -2.88892
0.948 -2.89142
0.949 -2.89391
0.95 -2.8964
0.951 -2.89889
0.952 -2.90137
0.953 -2.90384
0.954 -2.90631
0.955 -2.90878
0.956 -2.91124
0.957 -2.91369
0.958 -2.91614
0.959 -2.91858
0.96 -2.92102
0.961 -2.92346
0.962 -2.92589
0.963 -2.92831
0.964 -2.93073
0.965 -2.93314
0.966 -2.93555
0.967 -2.93796
0.968 -2.94036
0.969 -2.94275
0.97 -2.94514
0.971 -2.94752
0.972 -2.9499
0.973 -2.95227
0.974 -2.95464
0.975 -2.957
0.976 -2.95936
0.977 -2.96172
0.978 -2.96406
0.979 -2.96641
0.98 -2.96874
0.981 -2.97108
0.982 -2.97341
0.983 -2.97573
0.984 -2.97805
0.985 -2.98036
0.986 -2.98267
0.987 -2.98497
0.988 -2.98727
0.989 -2.98956
0.99 -2.99185
0.991 -2.99413
0.992 -2.99641
0.993 -2.99869
0.994 -3.00095
0.995 -3.00322
0.996 -3.00548
0.997 -3.00773
0.998 -3.00998
0.999 -3.01222
