-1.5 0.328125
-1.499 0.326135
-1.498 0.324146
-1.497 0.32216
-1.496 0.320177
-1.495 0.318199
-1.494 0.316228
-1.493 0.314263
-1.492 0.312306
-1.491 0.310354
-1.49 0.308409
-1.489 0.30647
-1.488 0.304537
-1.487 0.302608
-1.486 0.300685
-1.485 0.298767
-1.484 0.296855
-1.483 0.294949
-1.482 0.293048
-1.481 0.291152
-1.48 0.289263
-1.479 0.287379
-1.478 0.2855
-1.477 0.283628
-1.476 0.28176
-1.475 0.279899
-1.474 0.278042
-1.473 0.276192
-1.472 0.274346
-1.471 0.272506
-1.47 0.270672
-1.469 0.268843
-1.468 0.26702
-1.467 0.265202
-1.466 0.26339
-1.465 0.261583
-1.464 0.259781
-1.463 0.257985
-1.462 0.256195
-1.461 0.254409
-1.46 0.25263
-1.459 0.250855
-1.458 0.249086
-1.457 0.247322
-1.456 0.245564
-1.455 0.243811
-1.454 0.242064
-1.453 0.240321
-1.452 0.238584
-1.451 0.236853
-1.45 0.235127
-1.449 0.233406
-1.448 0.23169
-1.447 0.22998
-1.446 0.228274
-1.445 0.226575
-1.444 0.22488
-1.443 0.223191
-1.442 0.221507
-1.441 0.219828
-1.44 0.218154
-1.439 0.216486
-1.438 0.214823
-1.437 0.213165
-1.436 0.211512
-1.435 0.209864
-1.434 0.208222
-1.433 0.206585
-1.432 0.204953
-1.431 0.203326
-1.43 0.201704
-1.429 0.200087
-1.428 0.198476
-1.427 0.196869
-1.426 0.195268
-1.425 0.193672
-1.424 0.192081
-1.423 0.190495
-1.422 0.188914
-1.421 0.187338
-1.42 0.185767
-1.419 0.184201
-1.418 0.182641
-1.417 0.181085
-1.416 0.179534
-1.415 0.177989
-1.414 0.176448
-1.413 0.174912
-1.412 0.173382
-1.411 0.171856
-1.41 0.170335
-1.409 0.16882
-1.408 0.167309
-1.407 0.165803
-1.406 0.164302
-1.405 0.162806
-1.404 0.161315
-1.403 0.159829
-1.402 0.158348
-1.401 0.156871
-1.4 0.1554
-1.399 0.153933
-1.398 0.152472
-1.397 0.151015
-1.396 0.149563
-1.395 0.148116
-1.394 0.146674
-1.393 0.145236
-1.392 0.143803
-1.391 0.142376
-1.39 0.140953
-1.389 0.139534
-1.388 0.138121
-1.387 0.136712
-1.386 0.135308
-1.385 0.133909
-1.384 0.132515
-1.383 0.131125
-1.382 0.12974
-1.381 0.12836
-1.38 0.126985
-1.379 0.125614
-1.378 0.124248
-1.377 0.122887
-1.376 0.12153
-1.375 0.120178
-1.374 0.118831
-1.373 0.117488
-1.372 0.11615
-1.371 0.114817
-1.37 0.113488
-1.369 0.112164
-1.368 0.110845
-1.367 0.10953
-1.366 0.10822
-1.365 0.106914
-1.364 0.105613
-1.363 0.104317
-1.362 0.103025
-1.361 0.101738
-1.36 0.100455
-1.359 0.0991769
-1.358 0.0979032
-1.357 0.0966341
-1.356 0.0953695
-1.355 0.0941095
-1.354 0.0928539
-1.353 0.0916028
-1.352 0.0903563
-1.351 0.0891142
-1.35 0.0878766
-1.349 0.0866434
-1.348 0.0854147
-1.347 0.0841905
-1.346 0.0829707
-1.345 0.0817554
-1.344 0.0805444
-1.343 0.0793379
-1.342 0.0781358
-1.341 0.0769381
-1.34 0.0757448
-1.339 0.0745559
-1.338 0.0733714
-1.337 0.0721912
-1.336 0.0710154
-1.335 0.069844
-1.334 0.0686769
-1.333 0.0675141
-1.332 0.0663557
-1.331 0.0652016
-1.33 0.0640518
-1.329 0.0629063
-1.328 0.0617651
-1.327 0.0606282
-1.326 0.0594956
-1.325 0.0583673
-1.324 0.0572432
-1.323 0.0561234
-1.322 0.0550078
-1.321 0.0538965
-1.32 0.0527894
-1.319 0.0516866
-1.318 0.0505879
-1.317 0.0494935
-1.316 0.0484033
-1.315 0.0473173
-1.314 0.0462354
-1.313 0.0451578
-1.312 0.0440843
-1.311 0.043015
-1.31 0.0419498
-1.309 0.0408888
-1.308 0.0398319
-1.307 0.0387792
-1.306 0.0377305
-1.305 0.036686
-1.304 0.0356456
-1.303 0.0346094
-1.302 0.0335772
-1.301 0.032549
-1.3 0.031525
-1.299 0.030505
-1.298 0.0294891
-1.297 0.0284773
-1.296 0.0274695
-1.295 0.0264657
-1.294 0.025466
-1.293 0.0244703
-1.292 0.0234786
-1.291 0.0224909
-1.29 0.0215072
-1.289 0.0205275
-1.288 0.0195518
-1.287 0.0185801
-1.286 0.0176123
-1.285 0.0166485
-1.284 0.0156887
-1.283 0.0147328
-1.282 0.0137808
-1.281 0.0128328
-1.28 0.0118886
-1.279 0.0109485
-1.278 0.0100122
-1.277 0.00907977
-1.276 0.00815127
-1.275 0.00722666
-1.274 0.00630592
-1.273 0.00538905
-1.272 0.00447605
-1.271 0.0035669
-1.27 0.00266159
-1.269 0.00176013
-1.268 0.000862496
-1.267 -3.13124e-05
-1.266 -0.000921305
-1.265 -0.00180749
-1.264 -0.00268987
-1.263 -0.00356846
-1.262 -0.00444327
-1.261 -0.0053143
-1.26 -0.00618156
-1.259 -0.00704505
-1.258 -0.00790479
-1.257 -0.00876079
-1.256 -0.00961304
-1.255 -0.0104616
-1.254 -0.0113064
-1.253 -0.0121474
-1.252 -0.0129848
-1.251 -0.0138185
-1.25 -0.0146484
-1.249 -0.0154747
-1.248 -0.0162973
-1.247 -0.0171163
-1.246 -0.0179315
-1.245 -0.0187431
-1.244 -0.0195511
-1.243 -0.0203554
-1.242 -0.0211561
-1.241 -0.0219531
-1.24 -0.0227466
-1.239 -0.0235364
-1.238 -0.0243226
-1.237 -0.0251052
-1.236 -0.0258842
-1.235 -0.0266597
-1.234 -0.0274315
-1.233 -0.0281998
-1.232 -0.0289646
-1.231 -0.0297258
-1.23 -0.0304834
-1.229 -0.0312375
-1.228 -0.0319881
-1.227 -0.0327351
-1.226 -0.0334786
-1.225 -0.0342187
-1.224 -0.0349552
-1.223 -0.0356882
-1.222 -0.0364177
-1.221 -0.0371438
-1.22 -0.0378664
-1.219 -0.0385855
-1.218 -0.0393011
-1.217 -0.0400133
-1.216 -0.0407221
-1.215 -0.0414274
-1.214 -0.0421293
-1.213 -0.0428278
-1.212 -0.0435229
-1.211 -0.0442145
-1.21 -0.0449028
-1.209 -0.0455877
-1.208 -0.0462691
-1.207 -0.0469472
-1.206 -0.047622
-1.205 -0.0482934
-1.204 -0.0489614
-1.203 -0.049626
-1.202 -0.0502873
-1.201 -0.0509453
-1.2 -0.0516
-1.199 -0.0522513
-1.198 -0.0528994
-1.197 -0.0535441
-1.196 -0.0541855
-1.195 -0.0548237
-1.194 -0.0554585
-1.193 -0.0560901
-1.192 -0.0567184
-1.191 -0.0573434
-1.19 -0.0579652
-1.189 -0.0585837
-1.188 -0.059199
-1.187 -0.0598111
-1.186 -0.0604199
-1.185 -0.0610255
-1.184 -0.0616279
-1.183 -0.0622271
-1.182 -0.0628231
-1.181 -0.0634159
-1.18 -0.0640056
-1.179 -0.064592
-1.178 -0.0651753
-1.177 -0.0657554
-1.176 -0.0663323
-1.175 -0.0669062
-1.174 -0.0674768
-1.173 -0.0680443
-1.172 -0.0686087
-1.171 -0.06917
-1.17 -0.0697282
-1.169 -0.0702833
-1.168 -0.0708352
-1.167 -0.0713841
-1.166 -0.0719299
-1.165 -0.0724726
-1.164 -0.0730122
-1.163 -0.0735488
-1.162 -0.0740823
-1.161 -0.0746127
-1.16 -0.0751402
-1.159 -0.0756645
-1.158 -0.0761859
-1.157 -0.0767042
-1.156 -0.0772195
-1.155 -0.0777318
-1.154 -0.0782411
-1.153 -0.0787474
-1.152 -0.0792507
-1.151 -0.0797511
-1.15 -0.0802484
-1.149 -0.0807428
-1.148 -0.0812343
-1.147 -0.0817227
-1.146 -0.0822083
-1.145 -0.0826909
-1.144 -0.0831705
-1.143 -0.0836473
-1.142 -0.0841211
-1.141 -0.084592
-1.14 -0.08506
-1.139 -0.0855251
-1.138 -0.0859873
-1.137 -0.0864466
-1.136 -0.086903
-1.135 -0.0873566
-1.134 -0.0878073
-1.133 -0.0882551
-1.132 -0.0887001
-1.131 -0.0891423
-1.13 -0.0895816
-1.129 -0.0900181
-1.128 -0.0904517
-1.127 -0.0908826
-1.126 -0.0913106
-1.125 -0.0917358
-1.124 -0.0921583
-1.123 -0.0925779
-1.122 -0.0929948
-1.121 -0.0934088
-1.12 -0.0938202
-1.119 -0.0942287
-1.118 -0.0946345
-1.117 -0.0950375
-1.116 -0.0954378
-1.115 -0.0958354
-1.114 -0.0962302
-1.113 -0.0966223
-1.112 -0.0970117
-1.111 -0.0973984
-1.11 -0.0977824
-1.109 -0.0981637
-1.108 -0.0985423
-1.107 -0.0989182
-1.106 -0.0992914
-1.105 -0.099662
-1.104 -0.10003
-1.103 -0.100395
-1.102 -0.100758
-1.101 -0.101118
-1.1 -0.101475
-1.099 -0.10183
-1.098 -0.102182
-1.097 -0.102531
-1.096 -0.102878
-1.095 -0.103222
-1.094 -0.103564
-1.093 -0.103903
-1.092 -0.104239
-1.091 -0.104573
-1.09 -0.104905
-1.089 -0.105233
-1.088 -0.10556
-1.087 -0.105883
-1.086 -0.106204
-1.085 -0.106523
-1.084 -0.106839
-1.083 -0.107152
-1.082 -0.107463
-1.081 -0.107772
-1.08 -0.108078
-1.079 -0.108381
-1.078 -0.108682
-1.077 -0.108981
-1.076 -0.109277
-1.075 -0.10957
-1.074 -0.109861
-1.073 -0.11015
-1.072 -0.110436
-1.071 -0.11072
-1.07 -0.111001
-1.069 -0.11128
-1.068 -0.111556
-1.067 -0.11183
-1.066 -0.112102
-1.065 -0.112371
-1.064 -0.112638
-1.063 -0.112902
-1.062 -0.113164
-1.061 -0.113424
-1.06 -0.113681
-1.059 -0.113936
-1.058 -0.114188
-1.057 -0.114438
-1.056 -0.114686
-1.055 -0.114931
-1.054 -0.115174
-1.053 -0.115415
-1.052 -0.115654
-1.051 -0.11589
-1.05 -0.116123
-1.049 -0.116355
-1.048 -0.116584
-1.047 -0.116811
-1.046 -0.117036
-1.045 -0.117258
-1.044 -0.117478
-1.043 -0.117696
-1.042 -0.117911
-1.041 -0.118124
-1.04 -0.118335
-1.039 -0.118544
-1.038 -0.118751
-1.037 -0.118955
-1.036 -0.119157
-1.035 -0.119357
-1.034 -0.119554
-1.033 -0.11975
-1.032 -0.119943
-1.031 -0.120134
-1.03 -0.120323
-1.029 -0.120509
-1.028 -0.120694
-1.027 -0.120876
-1.026 -0.121056
-1.025 -0.121234
-1.024 -0.12141
-1.023 -0.121584
-1.022 -0.121755
-1.021 -0.121925
-1.02 -0.122092
-1.019 -0.122257
-1.018 -0.12242
-1.017 -0.122581
-1.016 -0.12274
-1.015 -0.122897
-1.014 -0.123051
-1.013 -0.123204
-1.012 -0.123354
-1.011 -0.123503
-1.01 -0.123649
-1.009 -0.123793
-1.008 -0.123935
-1.007 -0.124076
-1.006 -0.124214
-1.005 -0.12435
-1.004 -0.124484
-1.003 -0.124616
-1.002 -0.124746
-1.001 -0.124874
-1 -0.125
-0.999 -0.125124
-0.998 -0.125246
-0.997 -0.125366
-0.996 -0.125484
-0.995 -0.1256
-0.994 -0.125714
-0.993 -0.125826
-0.992 -0.125937
-0.991 -0.126045
-0.99 -0.126151
-0.989 -0.126255
-0.988 -0.126358
-0.987 -0.126458
-0.986 -0.126557
-0.985 -0.126653
-0.984 -0.126748
-0.983 -0.126841
-0.982 -0.126932
-0.981 -0.127021
-0.98 -0.127108
-0.979 -0.127193
-0.978 -0.127277
-0.977 -0.127358
-0.976 -0.127438
-0.975 -0.127516
-0.974 -0.127591
-0.973 -0.127666
-0.972 -0.127738
-0.971 -0.127808
-0.97 -0.127877
-0.969 -0.127944
-0.968 -0.128009
-0.967 -0.128072
-0.966 -0.128133
-0.965 -0.128192
-0.964 -0.12825
-0.963 -0.128306
-0.962 -0.12836
-0.961 -0.128413
-0.96 -0.128463
-0.959 -0.128512
-0.958 -0.128559
-0.957 -0.128605
-0.956 -0.128648
-0.955 -0.12869
-0.954 -0.12873
-0.953 -0.128769
-0.952 -0.128805
-0.951 -0.12884
-0.95 -0.128873
-0.949 -0.128905
-0.948 -0.128935
-0.947 -0.128963
-0.946 -0.128989
-0.945 -0.129014
-0.944 -0.129037
-0.943 -0.129059
-0.942 -0.129078
-0.941 -0.129096
-0.94 -0.129113
-0.939 -0.129128
-0.938 -0.129141
-0.937 -0.129152
-0.936 -0.129162
-0.935 -0.12917
-0.934 -0.129177
-0.933 -0.129182
-0.932 -0.129185
-0.931 -0.129187
-0.93 -0.129187
-0.929 -0.129186
-0.928 -0.129183
-0.927 -0.129178
-0.926 -0.129172
-0.925 -0.129164
-0.924 -0.129155
-0.923 -0.129144
-0.922 -0.129131
-0.921 -0.129117
-0.92 -0.129102
-0.919 -0.129085
-0.918 -0.129066
-0.917 -0.129046
-0.916 -0.129024
-0.915 -0.129001
-0.914 -0.128976
-0.913 -0.12895
-0.912 -0.128922
-0.911 -0.128893
-0.91 -0.128863
-0.909 -0.12883
-0.908 -0.128797
-0.907 -0.128762
-0.906 -0.128725
-0.905 -0.128687
-0.904 -0.128647
-0.903 -0.128607
-0.902 -0.128564
-0.901 -0.12852
-0.9 -0.128475
-0.899 -0.128428
-0.898 -0.12838
-0.897 -0.128331
-0.896 -0.12828
-0.895 -0.128227
-0.894 -0.128173
-0.893 -0.128118
-0.892 -0.128062
-0.891 -0.128004
-0.89 -0.127944
-0.889 -0.127884
-0.888 -0.127822
-0.887 -0.127758
-0.886 -0.127693
-0.885 -0.127627
-0.884 -0.12756
-0.883 -0.127491
-0.882 -0.127421
-0.881 -0.127349
-0.88 -0.127276
-0.879 -0.127202
-0.878 -0.127126
-0.877 -0.12705
-0.876 -0.126972
-0.875 -0.126892
-0.874 -0.126811
-0.873 -0.126729
-0.872 -0.126646
-0.871 -0.126561
-0.87 -0.126476
-0.869 -0.126388
-0.868 -0.1263
-0.867 -0.12621
-0.866 -0.12612
-0.865 -0.126027
-0.864 -0.125934
-0.863 -0.125839
-0.862 -0.125743
-0.861 -0.125646
-0.86 -0.125548
-0.859 -0.125448
-0.858 -0.125348
-0.857 -0.125246
-0.856 -0.125142
-0.855 -0.125038
-0.854 -0.124933
-0.853 -0.124826
-0.852 -0.124718
-0.851 -0.124609
-0.85 -0.124498
-0.849 -0.124387
-0.848 -0.124274
-0.847 -0.124161
-0.846 -0.124046
-0.845 -0.12393
-0.844 -0.123812
-0.843 -0.123694
-0.842 -0.123575
-0.841 -0.123454
-0.84 -0.123332
-0.839 -0.123209
-0.838 -0.123085
-0.837 -0.12296
-0.836 -0.122834
-0.835 -0.122707
-0.834 -0.122578
-0.833 -0.122449
-0.832 -0.122318
-0.831 -0.122187
-0.83 -0.122054
-0.829 -0.12192
-0.828 -0.121786
-0.827 -0.12165
-0.826 -0.121513
-0.825 -0.121375
-0.824 -0.121236
-0.823 -0.121096
-0.822 -0.120955
-0.821 -0.120813
-0.82 -0.12067
-0.819 -0.120525
-0.818 -0.12038
-0.817 -0.120234
-0.816 -0.120087
-0.815 -0.119939
-0.814 -0.11979
-0.813 -0.119639
-0.812 -0.119488
-0.811 -0.119336
-0.81 -0.119183
-0.809 -0.119029
-0.808 -0.118874
-0.807 -0.118718
-0.806 -0.118561
-0.805 -0.118403
-0.804 -0.118245
-0.803 -0.118085
-0.802 -0.117924
-0.801 -0.117763
-0.8 -0.1176
-0.799 -0.117437
-0.798 -0.117272
-0.797 -0.117107
-0.796 -0.116941
-0.795 -0.116774
-0.794 -0.116606
-0.793 -0.116437
-0.792 -0.116267
-0.791 -0.116096
-0.79 -0.115925
-0.789 -0.115752
-0.788 -0.115579
-0.787 -0.115405
-0.786 -0.11523
-0.785 -0.115054
-0.784 -0.114878
-0.783 -0.1147
-0.782 -0.114522
-0.781 -0.114342
-0.78 -0.114162
-0.779 -0.113982
-0.778 -0.1138
-0.777 -0.113617
-0.776 -0.113434
-0.775 -0.11325
-0.774 -0.113065
-0.773 -0.112879
-0.772 -0.112693
-0.771 -0.112505
-0.77 -0.112317
-0.769 -0.112129
-0.768 -0.111939
-0.767 -0.111749
-0.766 -0.111557
-0.765 -0.111365
-0.764 -0.111173
-0.763 -0.110979
-0.762 -0.110785
-0.761 -0.11059
-0.76 -0.110395
-0.759 -0.110198
-0.758 -0.110001
-0.757 -0.109803
-0.756 -0.109605
-0.755 -0.109405
-0.754 -0.109205
-0.753 -0.109005
-0.752 -0.108803
-0.751 -0.108601
-0.75 -0.108398
-0.749 -0.108195
-0.748 -0.107991
-0.747 -0.107786
-0.746 -0.10758
-0.745 -0.107374
-0.744 -0.107167
-0.743 -0.10696
-0.742 -0.106752
-0.741 -0.106543
-0.74 -0.106334
-0.739 -0.106123
-0.738 -0.105913
-0.737 -0.105701
-0.736 -0.105489
-0.735 -0.105277
-0.734 -0.105063
-0.733 -0.10485
-0.732 -0.104635
-0.731 -0.10442
-0.73 -0.104204
-0.729 -0.103988
-0.728 -0.103771
-0.727 -0.103554
-0.726 -0.103336
-0.725 -0.103117
-0.724 -0.102898
-0.723 -0.102678
-0.722 -0.102458
-0.721 -0.102237
-0.72 -0.102015
-0.719 -0.101793
-0.718 -0.101571
-0.717 -0.101348
-0.716 -0.101124
-0.715 -0.1009
-0.714 -0.100675
-0.713 -0.10045
-0.712 -0.100224
-0.711 -0.0999976
-0.71 -0.0997708
-0.709 -0.0995435
-0.708 -0.0993156
-0.707 -0.0990872
-0.706 -0.0988584
-0.705 -0.098629
-0.704 -0.0983992
-0.703 -0.0981689
-0.702 -0.0979381
-0.701 -0.0977068
-0.7 -0.097475
-0.699 -0.0972428
-0.698 -0.0970101
-0.697 -0.0967769
-0.696 -0.0965433
-0.695 -0.0963092
-0.694 -0.0960747
-0.693 -0.0958397
-0.692 -0.0956043
-0.691 -0.0953685
-0.69 -0.0951322
-0.689 -0.0948955
-0.688 -0.0946584
-0.687 -0.0944208
-0.686 -0.0941829
-0.685 -0.0939445
-0.684 -0.0937057
-0.683 -0.0934665
-0.682 -0.0932269
-0.681 -0.0929869
-0.68 -0.0927466
-0.679 -0.0925058
-0.678 -0.0922647
-0.677 -0.0920231
-0.676 -0.0917812
-0.675 -0.091539
-0.674 -0.0912963
-0.673 -0.0910533
-0.672 -0.09081
-0.671 -0.0905663
-0.67 -0.0903222
-0.669 -0.0900778
-0.668 -0.089833
-0.667 -0.0895879
-0.666 -0.0893425
-0.665 -0.0890968
-0.664 -0.0888507
-0.663 -0.0886043
-0.662 -0.0883575
-0.661 -0.0881105
-0.66 -0.0878632
-0.659 -0.0876155
-0.658 -0.0873675
-0.657 -0.0871193
-0.656 -0.0868707
-0.655 -0.0866219
-0.654 -0.0863728
-0.653 -0.0861233
-0.652 -0.0858736
-0.651 -0.0856237
-0.65 -0.0853734
-0.649 -0.0851229
-0.648 -0.0848722
-0.647 -0.0846211
-0.646 -0.0843698
-0.645 -0.0841183
-0.644 -0.0838665
-0.643 -0.0836145
-0.642 -0.0833622
-0.641 -0.0831097
-0.64 -0.082857
-0.639 -0.082604
-0.638 -0.0823508
-0.637 -0.0820974
-0.636 -0.0818437
-0.635 -0.0815899
-0.634 -0.0813358
-0.633 -0.0810816
-0.632 -0.0808271
-0.631 -0.0805725
-0.63 -0.0803176
-0.629 -0.0800626
-0.628 -0.0798073
-0.627 -0.0795519
-0.626 -0.0792963
-0.625 -0.0790405
-0.624 -0.0787846
-0.623 -0.0785285
-0.622 -0.0782722
-0.621 -0.0780158
-0.62 -0.0777592
-0.619 -0.0775024
-0.618 -0.0772455
-0.617 -0.0769885
-0.616 -0.0767313
-0.615 -0.076474
-0.614 -0.0762165
-0.613 -0.0759589
-0.612 -0.0757012
-0.611 -0.0754434
-0.61 -0.0751854
-0.609 -0.0749273
-0.608 -0.0746691
-0.607 -0.0744108
-0.606 -0.0741524
-0.605 -0.0738939
-0.604 -0.0736353
-0.603 -0.0733766
-0.602 -0.0731178
-0.601 -0.072859
-0.6 -0.0726
-0.599 -0.072341
-0.598 -0.0720818
-0.597 -0.0718226
-0.596 -0.0715634
-0.595 -0.0713041
-0.594 -0.0710447
-0.593 -0.0707852
-0.592 -0.0705257
-0.591 -0.0702662
-0.59 -0.0700066
-0.589 -0.069747
-0.588 -0.0694873
-0.587 -0.0692275
-0.586 -0.0689678
-0.585 -0.068708
-0.584 -0.0684482
-0.583 -0.0681884
-0.582 -0.0679285
-0.581 -0.0676686
-0.58 -0.0674088
-0.579 -0.0671489
-0.578 -0.066889
-0.577 -0.0666291
-0.576 -0.0663692
-0.575 -0.0661093
-0.574 -0.0658494
-0.573 -0.0655895
-0.572 -0.0653297
-0.571 -0.0650698
-0.57 -0.06481
-0.569 -0.0645502
-0.568 -0.0642904
-0.567 -0.0640307
-0.566 -0.063771
-0.565 -0.0635114
-0.564 -0.0632517
-0.563 -0.0629922
-0.562 -0.0627326
-0.561 -0.0624732
-0.56 -0.0622138
-0.559 -0.0619544
-0.558 -0.0616951
-0.557 -0.0614359
-0.556 -0.0611767
-0.555 -0.0609177
-0.554 -0.0606586
-0.553 -0.0603997
-0.552 -0.0601409
-0.551 -0.0598821
-0.55 -0.0596234
-0.549 -0.0593649
-0.548 -0.0591064
-0.547 -0.058848
-0.546 -0.0585897
-0.545 -0.0583315
-0.544 -0.0580735
-0.543 -0.0578155
-0.542 -0.0575577
-0.541 -0.0573
-0.54 -0.0570424
-0.539 -0.0567849
-0.538 -0.0565275
-0.537 -0.0562703
-0.536 -0.0560133
-0.535 -0.0557563
-0.534 -0.0554995
-0.533 -0.0552429
-0.532 -0.0549864
-0.531 -0.05473
-0.53 -0.0544738
-0.529 -0.0542177
-0.528 -0.0539619
-0.527 -0.0537061
-0.526 -0.0534506
-0.525 -0.0531952
-0.524 -0.05294
-0.523 -0.052685
-0.522 -0.0524301
-0.521 -0.0521754
-0.52 -0.051921
-0.519 -0.0516667
-0.518 -0.0514126
-0.517 -0.0511587
-0.516 -0.0509049
-0.515 -0.0506514
-0.514 -0.0503981
-0.513 -0.050145
-0.512 -0.0498921
-0.511 -0.0496395
-0.51 -0.049387
-0.509 -0.0491348
-0.508 -0.0488827
-0.507 -0.048631
-0.506 -0.0483794
-0.505 -0.0481281
-0.504 -0.047877
-0.503 -0.0476261
-0.502 -0.0473755
-0.501 -0.0471251
-0.5 -0.046875
-0.499 -0.0466251
-0.498 -0.0463755
-0.497 -0.0461261
-0.496 -0.045877
-0.495 -0.0456282
-0.494 -0.0453796
-0.493 -0.0451313
-0.492 -0.0448833
-0.491 -0.0446355
-0.49 -0.044388
-0.489 -0.0441408
-0.488 -0.0438939
-0.487 -0.0436472
-0.486 -0.0434009
-0.485 -0.0431548
-0.484 -0.042909
-0.483 -0.0426636
-0.482 -0.0424184
-0.481 -0.0421735
-0.48 -0.041929
-0.479 -0.0416847
-0.478 -0.0414408
-0.477 -0.0411971
-0.476 -0.0409538
-0.475 -0.0407108
-0.474 -0.0404682
-0.473 -0.0402258
-0.472 -0.0399838
-0.471 -0.0397421
-0.47 -0.0395008
-0.469 -0.0392598
-0.468 -0.0390191
-0.467 -0.0387788
-0.466 -0.0385388
-0.465 -0.0382992
-0.464 -0.0380599
-0.463 -0.037821
-0.462 -0.0375824
-0.461 -0.0373442
-0.46 -0.0371064
-0.459 -0.0368689
-0.458 -0.0366318
-0.457 -0.036395
-0.456 -0.0361587
-0.455 -0.0359227
-0.454 -0.0356871
-0.453 -0.0354518
-0.452 -0.035217
-0.451 -0.0349825
-0.45 -0.0347484
-0.449 -0.0345148
-0.448 -0.0342815
-0.447 -0.0340486
-0.446 -0.0338161
-0.445 -0.033584
-0.444 -0.0333524
-0.443 -0.0331211
-0.442 -0.0328902
-0.441 -0.0326598
-0.44 -0.0324298
-0.439 -0.0322002
-0.438 -0.031971
-0.437 -0.0317422
-0.436 -0.0315139
-0.435 -0.031286
-0.434 -0.0310585
-0.433 -0.0308315
-0.432 -0.0306049
-0.431 -0.0303787
-0.43 -0.030153
-0.429 -0.0299277
-0.428 -0.0297029
-0.427 -0.0294785
-0.426 -0.0292546
-0.425 -0.0290311
-0.424 -0.0288081
-0.423 -0.0285856
-0.422 -0.0283635
-0.421 -0.0281419
-0.42 -0.0279208
-0.419 -0.0277001
-0.418 -0.0274799
-0.417 -0.0272602
-0.416 -0.0270409
-0.415 -0.0268221
-0.414 -0.0266039
-0.413 -0.0263861
-0.412 -0.0261687
-0.411 -0.0259519
-0.41 -0.0257356
-0.409 -0.0255198
-0.408 -0.0253044
-0.407 -0.0250896
-0.406 -0.0248753
-0.405 -0.0246614
-0.404 -0.0244481
-0.403 -0.0242353
-0.402 -0.024023
-0.401 -0.0238113
-0.4 -0.0236
-0.399 -0.0233893
-0.398 -0.023179
-0.397 -0.0229694
-0.396 -0.0227602
-0.395 -0.0225516
-0.394 -0.0223434
-0.393 -0.0221359
-0.392 -0.0219288
-0.391 -0.0217224
-0.39 -0.0215164
-0.389 -0.021311
-0.388 -0.0211061
-0.387 -0.0209018
-0.386 -0.020698
-0.385 -0.0204948
-0.384 -0.0202922
-0.383 -0.0200901
-0.382 -0.0198885
-0.381 -0.0196876
-0.38 -0.0194872
-0.379 -0.0192873
-0.378 -0.019088
-0.377 -0.0188893
-0.376 -0.0186912
-0.375 -0.0184937
-0.374 -0.0182967
-0.373 -0.0181003
-0.372 -0.0179045
-0.371 -0.0177092
-0.37 -0.0175146
-0.369 -0.0173205
-0.368 -0.0171271
-0.367 -0.0169342
-0.366 -0.0167419
-0.365 -0.0165503
-0.364 -0.0163592
-0.363 -0.0161687
-0.362 -0.0159789
-0.361 -0.0157896
-0.36 -0.015601
-0.359 -0.0154129
-0.358 -0.0152255
-0.357 -0.0150387
-0.356 -0.0148525
-0.355 -0.0146669
-0.354 -0.014482
-0.353 -0.0142976
-0.352 -0.014114
-0.351 -0.0139309
-0.35 -0.0137484
-0.349 -0.0135666
-0.348 -0.0133855
-0.347 -0.0132049
-0.346 -0.013025
-0.345 -0.0128458
-0.344 -0.0126672
-0.343 -0.0124892
-0.342 -0.0123119
-0.341 -0.0121352
-0.34 -0.0119592
-0.339 -0.0117838
-0.338 -0.0116091
-0.337 -0.011435
-0.336 -0.0112616
-0.335 -0.0110889
-0.334 -0.0109168
-0.333 -0.0107454
-0.332 -0.0105747
-0.331 -0.0104046
-0.33 -0.0102352
-0.329 -0.0100665
-0.328 -0.00989842
-0.327 -0.00973105
-0.326 -0.00956435
-0.325 -0.00939834
-0.324 -0.00923301
-0.323 -0.00906836
-0.322 -0.00890441
-0.321 -0.00874114
-0.32 -0.00857856
-0.319 -0.00841668
-0.318 -0.00825549
-0.317 -0.00809499
-0.316 -0.0079352
-0.315 -0.0077761
-0.314 -0.00761771
-0.313 -0.00746002
-0.312 -0.00730303
-0.311 -0.00714676
-0.31 -0.00699119
-0.309 -0.00683634
-0.308 -0.0066822
-0.307 -0.00652878
-0.306 -0.00637607
-0.305 -0.00622409
-0.304 -0.00607282
-0.303 -0.00592228
-0.302 -0.00577246
-0.301 -0.00562336
-0.3 -0.005475
-0.299 -0.00532736
-0.298 -0.00518046
-0.297 -0.00503429
-0.296 -0.00488886
-0.295 -0.00474416
-0.294 -0.0046002
-0.293 -0.00445698
-0.292 -0.00431451
-0.291 -0.00417278
-0.29 -0.00403179
-0.289 -0.00389155
-0.288 -0.00375207
-0.287 -0.00361333
-0.286 -0.00347535
-0.285 -0.00333812
-0.284 -0.00320165
-0.283 -0.00306594
-0.282 -0.00293099
-0.281 -0.00279679
-0.28 -0.00266336
-0.279 -0.0025307
-0.278 -0.0023988
-0.277 -0.00226766
-0.276 -0.0021373
-0.275 -0.00200771
-0.274 -0.00187889
-0.273 -0.00175085
-0.272 -0.00162359
-0.271 -0.0014971
-0.27 -0.0013714
-0.269 -0.00124647
-0.268 -0.00112233
-0.267 -0.00099897
-0.266 -0.000876398
-0.265 -0.000754614
-0.264 -0.000633619
-0.263 -0.000513415
-0.262 -0.000394003
-0.261 -0.000275386
-0.26 -0.000157564
-0.259 -4.05396e-05
-0.258 7.56866e-05
-0.257 0.000191113
-0.256 0.000305738
-0.255 0.000419559
-0.254 0.000532576
-0.253 0.000644786
-0.252 0.000756187
-0.251 0.000866779
-0.25 0.00097656
-0.249 0.00108553
-0.248 0.00119368
-0.247 0.00130102
-0.246 0.00140754
-0.245 0.00151324
-0.244 0.00161813
-0.243 0.00172219
-0.242 0.00182543
-0.241 0.00192785
-0.24 0.00202944
-0.239 0.0021302
-0.238 0.00223014
-0.237 0.00232924
-0.236 0.00242751
-0.235 0.00252495
-0.234 0.00262156
-0.233 0.00271733
-0.232 0.00281226
-0.231 0.00290635
-0.23 0.0029996
-0.229 0.00309201
-0.228 0.00318358
-0.227 0.00327431
-0.226 0.00336419
-0.225 0.00345322
-0.224 0.00354141
-0.223 0.00362874
-0.222 0.00371523
-0.221 0.00380086
-0.22 0.00388564
-0.219 0.00396957
-0.218 0.00405264
-0.217 0.00413485
-0.216 0.0042162
-0.215 0.00429669
-0.214 0.00437632
-0.213 0.00445509
-0.212 0.00453299
-0.211 0.00461003
-0.21 0.00468621
-0.209 0.00476151
-0.208 0.00483595
-0.207 0.00490951
-0.206 0.00498221
-0.205 0.00505403
-0.204 0.00512498
-0.203 0.00519505
-0.202 0.00526425
-0.201 0.00533257
-0.2 0.00540001
-0.199 0.00546656
-0.198 0.00553224
-0.197 0.00559704
-0.196 0.00566095
-0.195 0.00572398
-0.194 0.00578612
-0.193 0.00584737
-0.192 0.00590774
-0.191 0.00596722
-0.19 0.0060258
-0.189 0.0060835
-0.188 0.0061403
-0.187 0.00619621
-0.186 0.00625122
-0.185 0.00630534
-0.184 0.00635856
-0.183 0.00641088
-0.182 0.0064623
-0.181 0.00651282
-0.18 0.00656244
-0.179 0.00661116
-0.178 0.00665897
-0.177 0.00670588
-0.176 0.00675188
-0.175 0.00679697
-0.174 0.00684116
-0.173 0.00688443
-0.172 0.0069268
-0.171 0.00696826
-0.17 0.0070088
-0.169 0.00704843
-0.168 0.00708715
-0.167 0.00712495
-0.166 0.00716184
-0.165 0.0071978
-0.164 0.00723285
-0.163 0.00726698
-0.162 0.00730019
-0.161 0.00733248
-0.16 0.00736384
-0.159 0.00739428
-0.158 0.0074238
-0.157 0.00745239
-0.156 0.00748006
-0.155 0.0075068
-0.154 0.00753261
-0.153 0.0075575
-0.152 0.00758145
-0.151 0.00760447
-0.15 0.00762656
-0.149 0.00764772
-0.148 0.00766795
-0.147 0.00768724
-0.146 0.00770559
-0.145 0.00772301
-0.144 0.0077395
-0.143 0.00775504
-0.142 0.00776965
-0.141 0.00778332
-0.14 0.00779604
-0.139 0.00780783
-0.138 0.00781867
-0.137 0.00782857
-0.136 0.00783753
-0.135 0.00784554
-0.134 0.00785261
-0.133 0.00785873
-0.132 0.0078639
-0.131 0.00786813
-0.13 0.0078714
-0.129 0.00787373
-0.128 0.00787511
-0.127 0.00787554
-0.126 0.00787501
-0.125 0.00787353
-0.124 0.0078711
-0.123 0.00786772
-0.122 0.00786338
-0.121 0.00785809
-0.12 0.00785184
-0.119 0.00784463
-0.118 0.00783647
-0.117 0.00782735
-0.116 0.00781727
-0.115 0.00780622
-0.114 0.00779422
-0.113 0.00778126
-0.112 0.00776734
-0.111 0.00775245
-0.11 0.0077366
-0.109 0.00771979
-0.108 0.00770201
-0.107 0.00768327
-0.106 0.00766356
-0.105 0.00764289
-0.104 0.00762125
-0.103 0.00759864
-0.102 0.00757506
-0.101 0.00755052
-0.1 0.007525
-0.099 0.00749851
-0.098 0.00747106
-0.097 0.00744263
-0.096 0.00741323
-0.095 0.00738286
-0.094 0.00735152
-0.093 0.0073192
-0.092 0.00728591
-0.091 0.00725165
-0.09 0.00721641
-0.089 0.00718019
-0.088 0.007143
-0.087 0.00710483
-0.086 0.00706568
-0.085 0.00702555
-0.084 0.00698445
-0.083 0.00694236
-0.082 0.0068993
-0.081 0.00685526
-0.08 0.00681023
-0.079 0.00676423
-0.078 0.00671725
-0.077 0.00666928
-0.076 0.00662034
-0.075 0.00657041
-0.074 0.0065195
-0.073 0.0064676
-0.072 0.00641472
-0.071 0.00636085
-0.07 0.006306
-0.069 0.00625017
-0.068 0.00619335
-0.067 0.00613554
-0.066 0.00607674
-0.065 0.00601696
-0.064 0.00595619
-0.063 0.00589444
-0.062 0.00583169
-0.061 0.00576796
-0.06 0.00570324
-0.059 0.00563753
-0.058 0.00557083
-0.057 0.00550314
-0.056 0.00543446
-0.055 0.00536478
-0.054 0.00529412
-0.053 0.00522247
-0.052 0.00514982
-0.051 0.00507619
-0.05 0.00500156
-0.049 0.00492594
-0.048 0.00484933
-0.047 0.00477172
-0.046 0.00469312
-0.045 0.00461353
-0.044 0.00453294
-0.043 0.00445136
-0.042 0.00436878
-0.041 0.00428521
-0.04 0.00420064
-0.039 0.00411508
-0.038 0.00402852
-0.037 0.00394097
-0.036 0.00385242
-0.035 0.00376287
-0.034 0.00367233
-0.033 0.00358079
-0.032 0.00348826
-0.031 0.00339473
-0.03 0.0033002
-0.029 0.00320468
-0.028 0.00310815
-0.027 0.00301063
-0.026 0.00291211
-0.025 0.00281259
-0.024 0.00271208
-0.023 0.00261057
-0.022 0.00250805
-0.021 0.00240454
-0.02 0.00230004
-0.019 0.00219453
-0.018 0.00208802
-0.017 0.00198052
-0.016 0.00187201
-0.015 0.00176251
-0.014 0.00165201
-0.013 0.0015405
-0.012 0.001428
-0.011 0.0013145
-0.01 0.0012
-0.009 0.00108449
-0.008 0.000967987
-0.007 0.000850481
-0.006 0.000731975
-0.005 0.000612467
-0.004 0.000491957
-0.003 0.000370445
-0.002 0.000247928
-0.001 0.000124407
-5.41858e-14 -1.2e-07
0.001 -0.000125654
0.002 -0.000252198
0.003 -0.000379756
0.004 -0.00050833
0.005 -0.000637923
0.006 -0.000768539
0.007 -0.000900183
0.008 -0.00103287
0.009 -0.0011666
0.01 -0.00130139
0.011 -0.00143726
0.012 -0.00157421
0.013 -0.00171226
0.014 -0.00185145
0.015 -0.00199182
0.016 -0.00213341
0.017 -0.00227624
0.018 -0.00242036
0.019 -0.00256584
0.02 -0.00271279
0.021 -0.00286132
0.022 -0.00301155
0.023 -0.00316357
0.024 -0.00331752
0.025 -0.00347361
0.026 -0.00363215
0.027 -0.00379345
0.028 -0.00395783
0.029 -0.00412558
0.03 -0.00429705
0.031 -0.00447287
0.032 -0.00465382
0.033 -0.0048407
0.034 -0.00503429
0.035 -0.0052354
0.036 -0.00544491
0.037 -0.00566442
0.038 -0.00589577
0.039 -0.00614082
0.04 -0.00640143
0.041 -0.00667945
0.042 -0.00697707
0.043 -0.00729789
0.044 -0.00764588
0.045 -0.008025
0.046 -0.00843923
0.047 -0.00889254
0.048 -0.00938977
0.049 -0.00993824
0.05 -0.0105457
0.051 -0.0112198
0.052 -0.0119683
0.053 -0.0127989
0.054 -0.0137214
0.055 -0.0147487
0.056 -0.0158947
0.057 -0.0171727
0.058 -0.0185964
0.059 -0.0201795
0.06 -0.0219387
0.061 -0.0238952
0.062 -0.0260702
0.063 -0.028485
0.064 -0.0311609
0.065 -0.0341194
0.066 -0.037386
0.067 -0.0409899
0.068 -0.0449602
0.069 -0.0493262
0.07 -0.0541172
0.071 -0.0593626
0.072 -0.0650947
0.073 -0.0713471
0.074 -0.0781538
0.075 -0.0855486
0.076 -0.0935653
0.077 -0.102237
0.078 -0.111596
0.079 -0.12167
0.08 -0.132491
0.081 -0.144087
0.082 -0.156489
0.083 -0.169724
0.084 -0.183807
0.085 -0.198751
0.086 -0.214569
0.087 -0.231271
0.088 -0.248872
0.089 -0.267375
0.09 -0.286765
0.091 -0.30702
0.092 -0.328122
0.093 -0.350049
0.094 -0.372781
0.095 -0.396284
0.096 -0.420499
0.097 -0.445363
0.098 -0.470812
0.099 -0.496784
0.1 -0.523216
0.101 -0.550027
0.102 -0.577118
0.103 -0.604383
0.104 -0.631722
0.105 -0.65903
0.106 -0.686204
0.107 -0.71313
0.108 -0.739685
0.109 -0.765743
0.11 -0.791181
0.111 -0.815876
0.112 -0.839702
0.113 -0.862542
0.114 -0.884284
0.115 -0.904814
0.116 -0.924017
0.117 -0.941782
0.118 -0.957998
0.119 -0.972584
0.12 -0.985471
0.121 -0.996592
0.122 -1.00588
0.123 -1.01326
0.124 -1.01867
0.125 -1.02211
0.126 -1.02357
0.127 -1.02305
0.128 -1.02055
0.129 -1.01606
0.13 -1.0096
0.131 -1.00123
0.132 -0.991005
0.133 -0.979002
0.134 -0.965284
0.135 -0.949916
0.136 -0.932978
0.137 -0.914579
0.138 -0.894831
0.139 -0.873846
0.14 -0.851737
0.141 -0.828615
0.142 -0.804598
0.143 -0.77981
0.144 -0.754374
0.145 -0.728417
0.146 -0.702061
0.147 -0.675431
0.148 -0.648641
0.149 -0.621797
0.15 -0.595002
0.151 -0.568361
0.152 -0.541978
0.153 -0.515956
0.154 -0.490376
0.155 -0.465302
0.156 -0.440799
0.157 -0.416931
0.158 -0.393765
0.159 -0.371361
0.16 -0.349753
0.161 -0.328964
0.162 -0.309015
0.163 -0.289929
0.164 -0.271728
0.165 -0.254428
0.166 -0.238027
0.167 -0.222511
0.168 -0.207871
0.169 -0.194096
0.17 -0.181173
0.171 -0.169088
0.172 -0.157814
0.173 -0.147321
0.174 -0.137581
0.175 -0.128564
0.176 -0.12024
0.177 -0.112578
0.178 -0.105546
0.179 -0.0991092
0.18 -0.0932338
0.181 -0.0878858
0.182 -0.0830316
0.183 -0.0786389
0.184 -0.0746779
0.185 -0.0711191
0.186 -0.067933
0.187 -0.06509
0.188 -0.0625607
0.189 -0.0603195
0.19 -0.0583446
0.191 -0.0566143
0.192 -0.0551069
0.193 -0.0538008
0.194 -0.0526747
0.195 -0.0517116
0.196 -0.0508975
0.197 -0.0502186
0.198 -0.0496609
0.199 -0.0492106
0.2 -0.0488544
0.201 -0.0485823
0.202 -0.0483866
0.203 -0.0482593
0.204 -0.0481924
0.205 -0.048178
0.206 -0.0482086
0.207 -0.0482794
0.208 -0.0483862
0.209 -0.0485249
0.21 -0.0486915
0.211 -0.0488819
0.212 -0.0490923
0.213 -0.0493205
0.214 -0.0495647
0.215 -0.0498229
0.216 -0.0500932
0.217 -0.0503736
0.218 -0.0506625
0.219 -0.0509591
0.22 -0.0512624
0.221 -0.0515718
0.222 -0.0518862
0.223 -0.052205
0.224 -0.0525275
0.225 -0.0528533
0.226 -0.0531821
0.227 -0.0535136
0.228 -0.0538474
0.229 -0.0541833
0.23 -0.0545209
0.231 -0.0548603
0.232 -0.0552012
0.233 -0.0555436
0.234 -0.0558872
0.235 -0.0562321
0.236 -0.0565782
0.237 -0.0569253
0.238 -0.0572735
0.239 -0.0576227
0.24 -0.0579729
0.241 -0.058324
0.242 -0.058676
0.243 -0.059029
0.244 -0.0593828
0.245 -0.0597375
0.246 -0.060093
0.247 -0.0604494
0.248 -0.0608067
0.249 -0.0611647
0.25 -0.0615237
0.251 -0.0618834
0.252 -0.0622439
0.253 -0.0626053
0.254 -0.0629675
0.255 -0.0633305
0.256 -0.0636943
0.257 -0.0640589
0.258 -0.0644243
0.259 -0.0647906
0.26 -0.0651576
0.261 -0.0655254
0.262 -0.065894
0.263 -0.0662634
0.264 -0.0666336
0.265 -0.0670046
0.266 -0.0673764
0.267 -0.067749
0.268 -0.0681223
0.269 -0.0684965
0.27 -0.0688714
0.271 -0.0692471
0.272 -0.0696236
0.273 -0.0700009
0.274 -0.0703789
0.275 -0.0707577
0.276 -0.0711373
0.277 -0.0715177
0.278 -0.0718988
0.279 -0.0722807
0.28 -0.0726634
0.281 -0.0730468
0.282 -0.073431
0.283 -0.0738159
0.284 -0.0742017
0.285 -0.0745881
0.286 -0.0749754
0.287 -0.0753633
0.288 -0.0757521
0.289 -0.0761416
0.29 -0.0765318
0.291 -0.0769228
0.292 -0.0773145
0.293 -0.077707
0.294 -0.0781002
0.295 -0.0784942
0.296 -0.0788889
0.297 -0.0792843
0.298 -0.0796805
0.299 -0.0800774
0.3 -0.080475
0.301 -0.0808734
0.302 -0.0812725
0.303 -0.0816723
0.304 -0.0820728
0.305 -0.0824741
0.306 -0.0828761
0.307 -0.0832788
0.308 -0.0836822
0.309 -0.0840863
0.31 -0.0844912
0.311 -0.0848968
0.312 -0.085303
0.313 -0.08571
0.314 -0.0861177
0.315 -0.0865261
0.316 -0.0869352
0.317 -0.087345
0.318 -0.0877555
0.319 -0.0881667
0.32 -0.0885786
0.321 -0.0889911
0.322 -0.0894044
0.323 -0.0898184
0.324 -0.090233
0.325 -0.0906483
0.326 -0.0910644
0.327 -0.091481
0.328 -0.0918984
0.329 -0.0923165
0.33 -0.0927352
0.331 -0.0931546
0.332 -0.0935747
0.333 -0.0939954
0.334 -0.0944168
0.335 -0.0948389
0.336 -0.0952616
0.337 -0.095685
0.338 -0.0961091
0.339 -0.0965338
0.34 -0.0969592
0.341 -0.0973852
0.342 -0.0978119
0.343 -0.0982392
0.344 -0.0986672
0.345 -0.0990958
0.346 -0.099525
0.347 -0.0999549
0.348 -0.100385
0.349 -0.100817
0.35 -0.101248
0.351 -0.101681
0.352 -0.102114
0.353 -0.102548
0.354 -0.102982
0.355 -0.103417
0.356 -0.103852
0.357 -0.104289
0.358 -0.104725
0.359 -0.105163
0.36 -0.105601
0.361 -0.10604
0.362 -0.106479
0.363 -0.106919
0.364 -0.107359
0.365 -0.1078
0.366 -0.108242
0.367 -0.108684
0.368 -0.109127
0.369 -0.109571
0.37 -0.110015
0.371 -0.110459
0.372 -0.110904
0.373 -0.11135
0.374 -0.111797
0.375 -0.112244
0.376 -0.112691
0.377 -0.113139
0.378 -0.113588
0.379 -0.114037
0.38 -0.114487
0.381 -0.114938
0.382 -0.115389
0.383 -0.11584
0.384 -0.116292
0.385 -0.116745
0.386 -0.117198
0.387 -0.117652
0.388 -0.118106
0.389 -0.118561
0.39 -0.119016
0.391 -0.119472
0.392 -0.119929
0.393 -0.120386
0.394 -0.120843
0.395 -0.121302
0.396 -0.12176
0.397 -0.122219
0.398 -0.122679
0.399 -0.123139
0.4 -0.1236
0.401 -0.124061
0.402 -0.124523
0.403 -0.124985
0.404 -0.125448
0.405 -0.125911
0.406 -0.126375
0.407 -0.12684
0.408 -0.127304
0.409 -0.12777
0.41 -0.128236
0.411 -0.128702
0.412 -0.129169
0.413 -0.129636
0.414 -0.130104
0.415 -0.130572
0.416 -0.131041
0.417 -0.13151
0.418 -0.13198
0.419 -0.13245
0.42 -0.132921
0.421 -0.133392
0.422 -0.133864
0.423 -0.134336
0.424 -0.134808
0.425 -0.135281
0.426 -0.135755
0.427 -0.136229
0.428 -0.136703
0.429 -0.137178
0.43 -0.137653
0.431 -0.138129
0.432 -0.138605
0.433 -0.139081
0.434 -0.139559
0.435 -0.140036
0.436 -0.140514
0.437 -0.140992
0.438 -0.141471
0.439 -0.14195
0.44 -0.14243
0.441 -0.14291
0.442 -0.14339
0.443 -0.143871
0.444 -0.144352
0.445 -0.144834
0.446 -0.145316
0.447 -0.145799
0.448 -0.146281
0.449 -0.146765
0.45 -0.147248
0.451 -0.147733
0.452 -0.148217
0.453 -0.148702
0.454 -0.149187
0.455 -0.149673
0.456 -0.150159
0.457 -0.150645
0.458 -0.151132
0.459 -0.151619
0.46 -0.152106
0.461 -0.152594
0.462 -0.153082
0.463 -0.153571
0.464 -0.15406
0.465 -0.154549
0.466 -0.155039
0.467 -0.155529
0.468 -0.156019
0.469 -0.15651
0.47 -0.157001
0.471 -0.157492
0.472 -0.157984
0.473 -0.158476
0.474 -0.158968
0.475 -0.159461
0.476 -0.159954
0.477 -0.160447
0.478 -0.160941
0.479 -0.161435
0.48 -0.161929
0.481 -0.162424
0.482 -0.162918
0.483 -0.163414
0.484 -0.163909
0.485 -0.164405
0.486 -0.164901
0.487 -0.165397
0.488 -0.165894
0.489 -0.166391
0.49 -0.166888
0.491 -0.167385
0.492 -0.167883
0.493 -0.168381
0.494 -0.16888
0.495 -0.169378
0.496 -0.169877
0.497 -0.170376
0.498 -0.170875
0.499 -0.171375
0.5 -0.171875
0.501 -0.172375
0.502 -0.172875
0.503 -0.173376
0.504 -0.173877
0.505 -0.174378
0.506 -0.174879
0.507 -0.175381
0.508 -0.175883
0.509 -0.176385
0.51 -0.176887
0.511 -0.177389
0.512 -0.177892
0.513 -0.178395
0.514 -0.178898
0.515 -0.179401
0.516 -0.179905
0.517 -0.180409
0.518 -0.180913
0.519 -0.181417
0.52 -0.181921
0.521 -0.182425
0.522 -0.18293
0.523 -0.183435
0.524 -0.18394
0.525 -0.184445
0.526 -0.184951
0.527 -0.185456
0.528 -0.185962
0.529 -0.186468
0.53 -0.186974
0.531 -0.18748
0.532 -0.187986
0.533 -0.188493
0.534 -0.189
0.535 -0.189506
0.536 -0.190013
0.537 -0.19052
0.538 -0.191028
0.539 -0.191535
0.54 -0.192042
0.541 -0.19255
0.542 -0.193058
0.543 -0.193566
0.544 -0.194073
0.545 -0.194582
0.546 -0.19509
0.547 -0.195598
0.548 -0.196106
0.549 -0.196615
0.55 -0.197123
0.551 -0.197632
0.552 -0.198141
0.553 -0.19865
0.554 -0.199159
0.555 -0.199668
0.556 -0.200177
0.557 -0.200686
0.558 -0.201195
0.559 -0.201704
0.56 -0.202214
0.561 -0.202723
0.562 -0.203233
0.563 -0.203742
0.564 -0.204252
0.565 -0.204761
0.566 -0.205271
0.567 -0.205781
0.568 -0.20629
0.569 -0.2068
0.57 -0.20731
0.571 -0.20782
0.572 -0.20833
0.573 -0.20884
0.574 -0.209349
0.575 -0.209859
0.576 -0.210369
0.577 -0.210879
0.578 -0.211389
0.579 -0.211899
0.58 -0.212409
0.581 -0.212919
0.582 -0.213429
0.583 -0.213938
0.584 -0.214448
0.585 -0.214958
0.586 -0.215468
0.587 -0.215978
0.588 -0.216487
0.589 -0.216997
0.59 -0.217507
0.591 -0.218016
0.592 -0.218526
0.593 -0.219035
0.594 -0.219545
0.595 -0.220054
0.596 -0.220563
0.597 -0.221073
0.598 -0.221582
0.599 -0.222091
0.6 -0.2226
0.601 -0.223109
0.602 -0.223618
0.603 -0.224127
0.604 -0.224635
0.605 -0.225144
0.606 -0.225652
0.607 -0.226161
0.608 -0.226669
0.609 -0.227177
0.61 -0.227685
0.611 -0.228193
0.612 -0.228701
0.613 -0.229209
0.614 -0.229717
0.615 -0.230224
0.616 -0.230731
0.617 -0.231238
0.618 -0.231746
0.619 -0.232252
0.62 -0.232759
0.621 -0.233266
0.622 -0.233772
0.623 -0.234278
0.624 -0.234785
0.625 -0.235291
0.626 -0.235796
0.627 -0.236302
0.628 -0.236807
0.629 -0.237313
0.63 -0.237818
0.631 -0.238322
0.632 -0.238827
0.633 -0.239332
0.634 -0.239836
0.635 -0.24034
0.636 -0.240844
0.637 -0.241347
0.638 -0.241851
0.639 -0.242354
0.64 -0.242857
0.641 -0.24336
0.642 -0.243862
0.643 -0.244364
0.644 -0.244867
0.645 -0.245368
0.646 -0.24587
0.647 -0.246371
0.648 -0.246872
0.649 -0.247373
0.65 -0.247873
0.651 -0.248374
0.652 -0.248874
0.653 -0.249373
0.654 -0.249873
0.655 -0.250372
0.656 -0.250871
0.657 -0.251369
0.658 -0.251868
0.659 -0.252365
0.66 -0.252863
0.661 -0.25336
0.662 -0.253858
0.663 -0.254354
0.664 -0.254851
0.665 -0.255347
0.666 -0.255843
0.667 -0.256338
0.668 -0.256833
0.669 -0.257328
0.67 -0.257822
0.671 -0.258316
0.672 -0.25881
0.673 -0.259303
0.674 -0.259796
0.675 -0.260289
0.676 -0.260781
0.677 -0.261273
0.678 -0.261765
0.679 -0.262256
0.68 -0.262747
0.681 -0.263237
0.682 -0.263727
0.683 -0.264216
0.684 -0.264706
0.685 -0.265194
0.686 -0.265683
0.687 -0.266171
0.688 -0.266658
0.689 -0.267145
0.69 -0.267632
0.691 -0.268118
0.692 -0.268604
0.693 -0.26909
0.694 -0.269575
0.695 -0.270059
0.696 -0.270543
0.697 -0.271027
0.698 -0.27151
0.699 -0.271993
0.7 -0.272475
0.701 -0.272957
0.702 -0.273438
0.703 -0.273919
0.704 -0.274399
0.705 -0.274879
0.706 -0.275358
0.707 -0.275837
0.708 -0.276316
0.709 -0.276793
0.71 -0.277271
0.711 -0.277748
0.712 -0.278224
0.713 -0.2787
0.714 -0.279175
0.715 -0.27965
0.716 -0.280124
0.717 -0.280598
0.718 -0.281071
0.719 -0.281543
0.72 -0.282015
0.721 -0.282487
0.722 -0.282958
0.723 -0.283428
0.724 -0.283898
0.725 -0.284367
0.726 -0.284836
0.727 -0.285304
0.728 -0.285771
0.729 -0.286238
0.73 -0.286704
0.731 -0.28717
0.732 -0.287635
0.733 -0.2881
0.734 -0.288563
0.735 -0.289027
0.736 -0.289489
0.737 -0.289951
0.738 -0.290413
0.739 -0.290873
0.74 -0.291334
0.741 -0.291793
0.742 -0.292252
0.743 -0.29271
0.744 -0.293167
0.745 -0.293624
0.746 -0.29408
0.747 -0.294536
0.748 -0.294991
0.749 -0.295445
0.75 -0.295898
0.751 -0.296351
0.752 -0.296803
0.753 -0.297255
0.754 -0.297705
0.755 -0.298155
0.756 -0.298605
0.757 -0.299053
0.758 -0.299501
0.759 -0.299948
0.76 -0.300395
0.761 -0.30084
0.762 -0.301285
0.763 -0.301729
0.764 -0.302173
0.765 -0.302615
0.766 -0.303057
0.767 -0.303499
0.768 -0.303939
0.769 -0.304379
0.77 -0.304817
0.771 -0.305255
0.772 -0.305693
0.773 -0.306129
0.774 -0.306565
0.775 -0.307
0.776 -0.307434
0.777 -0.307867
0.778 -0.3083
0.779 -0.308731
0.78 -0.309162
0.781 -0.309592
0.782 -0.310022
0.783 -0.31045
0.784 -0.310878
0.785 -0.311304
0.786 -0.31173
0.787 -0.312155
0.788 -0.312579
0.789 -0.313002
0.79 -0.313425
0.791 -0.313846
0.792 -0.314267
0.793 -0.314687
0.794 -0.315106
0.795 -0.315524
0.796 -0.315941
0.797 -0.316357
0.798 -0.316772
0.799 -0.317187
0.8 -0.3176
0.801 -0.318013
0.802 -0.318424
0.803 -0.318835
0.804 -0.319245
0.805 -0.319653
0.806 -0.320061
0.807 -0.320468
0.808 -0.320874
0.809 -0.321279
0.81 -0.321683
0.811 -0.322086
0.812 -0.322488
0.813 -0.322889
0.814 -0.32329
0.815 -0.323689
0.816 -0.324087
0.817 -0.324484
0.818 -0.32488
0.819 -0.325275
0.82 -0.32567
0.821 -0.326063
0.822 -0.326455
0.823 -0.326846
0.824 -0.327236
0.825 -0.327625
0.826 -0.328013
0.827 -0.3284
0.828 -0.328786
0.829 -0.32917
0.83 -0.329554
0.831 -0.329937
0.832 -0.330318
0.833 -0.330699
0.834 -0.331078
0.835 -0.331457
0.836 -0.331834
0.837 -0.33221
0.838 -0.332585
0.839 -0.332959
0.84 -0.333332
0.841 -0.333704
0.842 -0.334075
0.843 -0.334444
0.844 -0.334812
0.845 -0.33518
0.846 -0.335546
0.847 -0.335911
0.848 -0.336274
0.849 -0.336637
0.85 -0.336998
0.851 -0.337359
0.852 -0.337718
0.853 -0.338076
0.854 -0.338433
0.855 -0.338788
0.856 -0.339143
0.857 -0.339496
0.858 -0.339848
0.859 -0.340198
0.86 -0.340548
0.861 -0.340896
0.862 -0.341243
0.863 -0.341589
0.864 -0.341934
0.865 -0.342277
0.866 -0.342619
0.867 -0.34296
0.868 -0.3433
0.869 -0.343638
0.87 -0.343976
0.871 -0.344311
0.872 -0.344646
0.873 -0.344979
0.874 -0.345311
0.875 -0.345642
0.876 -0.345972
0.877 -0.3463
0.878 -0.346626
0.879 -0.346952
0.88 -0.347276
0.881 -0.347599
0.882 -0.347921
0.883 -0.348241
0.884 -0.34856
0.885 -0.348877
0.886 -0.349193
0.887 -0.349508
0.888 -0.349822
0.889 -0.350134
0.89 -0.350444
0.891 -0.350754
0.892 -0.351062
0.893 -0.351368
0.894 -0.351673
0.895 -0.351977
0.896 -0.35228
0.897 -0.352581
0.898 -0.35288
0.899 -0.353178
0.9 -0.353475
0.901 -0.35377
0.902 -0.354064
0.903 -0.354357
0.904 -0.354648
0.905 -0.354937
0.906 -0.355225
0.907 -0.355512
0.908 -0.355797
0.909 -0.35608
0.91 -0.356363
0.911 -0.356643
0.912 -0.356922
0.913 -0.3572
0.914 -0.357476
0.915 -0.357751
0.916 -0.358024
0.917 -0.358296
0.918 -0.358566
0.919 -0.358835
0.92 -0.359102
0.921 -0.359367
0.922 -0.359631
0.923 -0.359894
0.924 -0.360155
0.925 -0.360414
0.926 -0.360672
0.927 -0.360928
0.928 -0.361183
0.929 -0.361436
0.93 -0.361687
0.931 -0.361937
0.932 -0.362185
0.933 -0.362432
0.934 -0.362677
0.935 -0.36292
0.936 -0.363162
0.937 -0.363402
0.938 -0.363641
0.939 -0.363878
0.94 -0.364113
0.941 -0.364346
0.942 -0.364578
0.943 -0.364809
0.944 -0.365037
0.945 -0.365264
0.946 -0.365489
0.947 -0.365713
0.948 -0.365935
0.949 -0.366155
0.95 -0.366373
0.951 -0.36659
0.952 -0.366805
0.953 -0.367019
0.954 -0.36723
0.955 -0.36744
0.956 -0.367648
0.957 -0.367855
0.958 -0.368059
0.959 -0.368262
0.96 -0.368463
0.961 -0.368663
0.962 -0.36886
0.963 -0.369056
0.964 -0.36925
0.965 -0.369442
0.966 -0.369633
0.967 -0.369822
0.968 -0.370009
0.969 -0.370194
0.97 -0.370377
0.971 -0.370558
0.972 -0.370738
0.973 -0.370916
0.974 -0.371091
0.975 -0.371266
0.976 -0.371438
0.977 -0.371608
0.978 -0.371777
0.979 -0.371943
0.98 -0.372108
0.981 -0.372271
0.982 -0.372432
0.983 -0.372591
0.984 -0.372748
0.985 -0.372903
0.986 -0.373057
0.987 -0.373208
0.988 -0.373358
0.989 -0.373505
0.99 -0.373651
0.991 -0.373795
0.992 -0.373937
0.993 -0.374076
0.994 -0.374214
0.995 -0.37435
0.996 -0.374484
0.997 -0.374616
0.998 -0.374746
0.999 -0.374874
1 -0.375
1.001 -0.375124
1.002 -0.375246
1.003 -0.375366
1.004 -0.375484
1.005 -0.3756
1.006 -0.375714
1.007 -0.375826
1.008 -0.375935
1.009 -0.376043
1.01 -0.376149
1.011 -0.376253
1.012 -0.376354
1.013 -0.376454
1.014 -0.376551
1.015 -0.376647
1.016 -0.37674
1.017 -0.376831
1.018 -0.37692
1.019 -0.377007
1.02 -0.377092
1.021 -0.377175
1.022 -0.377255
1.023 -0.377334
1.024 -0.37741
1.025 -0.377484
1.026 -0.377556
1.027 -0.377626
1.028 -0.377694
1.029 -0.377759
1.03 -0.377823
1.031 -0.377884
1.032 -0.377943
1.033 -0.378
1.034 -0.378054
1.035 -0.378107
1.036 -0.378157
1.037 -0.378205
1.038 -0.378251
1.039 -0.378294
1.04 -0.378335
1.041 -0.378374
1.042 -0.378411
1.043 -0.378446
1.044 -0.378478
1.045 -0.378508
1.046 -0.378536
1.047 -0.378561
1.048 -0.378584
1.049 -0.378605
1.05 -0.378623
1.051 -0.37864
1.052 -0.378654
1.053 -0.378665
1.054 -0.378674
1.055 -0.378681
1.056 -0.378686
1.057 -0.378688
1.058 -0.378688
1.059 -0.378686
1.06 -0.378681
1.061 -0.378674
1.062 -0.378664
1.063 -0.378652
1.064 -0.378638
1.065 -0.378621
1.066 -0.378602
1.067 -0.37858
1.068 -0.378556
1.069 -0.37853
1.07 -0.378501
1.071 -0.37847
1.072 -0.378436
1.073 -0.3784
1.074 -0.378361
1.075 -0.37832
1.076 -0.378277
1.077 -0.378231
1.078 -0.378182
1.079 -0.378131
1.08 -0.378078
1.081 -0.378022
1.082 -0.377963
1.083 -0.377902
1.084 -0.377839
1.085 -0.377773
1.086 -0.377704
1.087 -0.377633
1.088 -0.37756
1.089 -0.377483
1.09 -0.377405
1.091 -0.377323
1.092 -0.377239
1.093 -0.377153
1.094 -0.377064
1.095 -0.376972
1.096 -0.376878
1.097 -0.376781
1.098 -0.376682
1.099 -0.37658
1.1 -0.376475
1.101 -0.376368
1.102 -0.376258
1.103 -0.376145
1.104 -0.37603
1.105 -0.375912
1.106 -0.375791
1.107 -0.375668
1.108 -0.375542
1.109 -0.375414
1.11 -0.375282
1.111 -0.375148
1.112 -0.375012
1.113 -0.374872
1.114 -0.37473
1.115 -0.374585
1.116 -0.374438
1.117 -0.374288
1.118 -0.374135
1.119 -0.373979
1.12 -0.37382
1.121 -0.373659
1.122 -0.373495
1.123 -0.373328
1.124 -0.373158
1.125 -0.372986
1.126 -0.372811
1.127 -0.372633
1.128 -0.372452
1.129 -0.372268
1.13 -0.372082
1.131 -0.371892
1.132 -0.3717
1.133 -0.371505
1.134 -0.371307
1.135 -0.371107
1.136 -0.370903
1.137 -0.370697
1.138 -0.370487
1.139 -0.370275
1.14 -0.37006
1.141 -0.369842
1.142 -0.369621
1.143 -0.369397
1.144 -0.369171
1.145 -0.368941
1.146 -0.368708
1.147 -0.368473
1.148 -0.368234
1.149 -0.367993
1.15 -0.367748
1.151 -0.367501
1.152 -0.367251
1.153 -0.366997
1.154 -0.366741
1.155 -0.366482
1.156 -0.36622
1.157 -0.365954
1.158 -0.365686
1.159 -0.365415
1.16 -0.36514
1.161 -0.364863
1.162 -0.364582
1.163 -0.364299
1.164 -0.364012
1.165 -0.363723
1.166 -0.36343
1.167 -0.363134
1.168 -0.362835
1.169 -0.362533
1.17 -0.362228
1.171 -0.36192
1.172 -0.361609
1.173 -0.361294
1.174 -0.360977
1.175 -0.360656
1.176 -0.360332
1.177 -0.360005
1.178 -0.359675
1.179 -0.359342
1.18 -0.359006
1.181 -0.358666
1.182 -0.358323
1.183 -0.357977
1.184 -0.357628
1.185 -0.357276
1.186 -0.35692
1.187 -0.356561
1.188 -0.356199
1.189 -0.355834
1.19 -0.355465
1.191 -0.355093
1.192 -0.354718
1.193 -0.35434
1.194 -0.353958
1.195 -0.353574
1.196 -0.353186
1.197 -0.352794
1.198 -0.352399
1.199 -0.352001
1.2 -0.3516
1.201 -0.351195
1.202 -0.350787
1.203 -0.350376
1.204 -0.349961
1.205 -0.349543
1.206 -0.349122
1.207 -0.348697
1.208 -0.348269
1.209 -0.347838
1.21 -0.347403
1.211 -0.346965
1.212 -0.346523
1.213 -0.346078
1.214 -0.345629
1.215 -0.345177
1.216 -0.344722
1.217 -0.344263
1.218 -0.343801
1.219 -0.343335
1.22 -0.342866
1.221 -0.342394
1.222 -0.341918
1.223 -0.341438
1.224 -0.340955
1.225 -0.340469
1.226 -0.339979
1.227 -0.339485
1.228 -0.338988
1.229 -0.338487
1.23 -0.337983
1.231 -0.337476
1.232 -0.336965
1.233 -0.33645
1.234 -0.335932
1.235 -0.33541
1.236 -0.334884
1.237 -0.334355
1.238 -0.333823
1.239 -0.333286
1.24 -0.332747
1.241 -0.332203
1.242 -0.331656
1.243 -0.331105
1.244 -0.330551
1.245 -0.329993
1.246 -0.329432
1.247 -0.328866
1.248 -0.328297
1.249 -0.327725
1.25 -0.327148
1.251 -0.326568
1.252 -0.325985
1.253 -0.325397
1.254 -0.324806
1.255 -0.324212
1.256 -0.323613
1.257 -0.323011
1.258 -0.322405
1.259 -0.321795
1.26 -0.321182
1.261 -0.320564
1.262 -0.319943
1.263 -0.319318
1.264 -0.31869
1.265 -0.318058
1.266 -0.317421
1.267 -0.316781
1.268 -0.316138
1.269 -0.31549
1.27 -0.314838
1.271 -0.314183
1.272 -0.313524
1.273 -0.312861
1.274 -0.312194
1.275 -0.311523
1.276 -0.310849
1.277 -0.31017
1.278 -0.309488
1.279 -0.308802
1.28 -0.308111
1.281 -0.307417
1.282 -0.306719
1.283 -0.306017
1.284 -0.305311
1.285 -0.304601
1.286 -0.303888
1.287 -0.30317
1.288 -0.302448
1.289 -0.301722
1.29 -0.300993
1.291 -0.300259
1.292 -0.299521
1.293 -0.29878
1.294 -0.298034
1.295 -0.297284
1.296 -0.296531
1.297 -0.295773
1.298 -0.295011
1.299 -0.294245
1.3 -0.293475
1.301 -0.292701
1.302 -0.291923
1.303 -0.291141
1.304 -0.290354
1.305 -0.289564
1.306 -0.288769
1.307 -0.287971
1.308 -0.287168
1.309 -0.286361
1.31 -0.28555
1.311 -0.284735
1.312 -0.283916
1.313 -0.283092
1.314 -0.282265
1.315 -0.281433
1.316 -0.280597
1.317 -0.279756
1.318 -0.278912
1.319 -0.278063
1.32 -0.277211
1.321 -0.276353
1.322 -0.275492
1.323 -0.274627
1.324 -0.273757
1.325 -0.272883
1.326 -0.272004
1.327 -0.271122
1.328 -0.270235
1.329 -0.269344
1.33 -0.268448
1.331 -0.267548
1.332 -0.266644
1.333 -0.265736
1.334 -0.264823
1.335 -0.263906
1.336 -0.262985
1.337 -0.262059
1.338 -0.261129
1.339 -0.260194
1.34 -0.259255
1.341 -0.258312
1.342 -0.257364
1.343 -0.256412
1.344 -0.255456
1.345 -0.254495
1.346 -0.253529
1.347 -0.25256
1.348 -0.251585
1.349 -0.250607
1.35 -0.249623
1.351 -0.248636
1.352 -0.247644
1.353 -0.246647
1.354 -0.245646
1.355 -0.244641
1.356 -0.24363
1.357 -0.242616
1.358 -0.241597
1.359 -0.240573
1.36 -0.239545
1.361 -0.238512
1.362 -0.237475
1.363 -0.236433
1.364 -0.235387
1.365 -0.234336
1.366 -0.23328
1.367 -0.23222
1.368 -0.231155
1.369 -0.230086
1.37 -0.229012
1.371 -0.227933
1.372 -0.22685
1.373 -0.225762
1.374 -0.224669
1.375 -0.223572
1.376 -0.22247
1.377 -0.221363
1.378 -0.220252
1.379 -0.219136
1.38 -0.218015
1.381 -0.21689
1.382 -0.21576
1.383 -0.214625
1.384 -0.213485
1.385 -0.212341
1.386 -0.211192
1.387 -0.210038
1.388 -0.208879
1.389 -0.207716
1.39 -0.206547
1.391 -0.205374
1.392 -0.204197
1.393 -0.203014
1.394 -0.201826
1.395 -0.200634
1.396 -0.199437
1.397 -0.198235
1.398 -0.197028
1.399 -0.195817
1.4 -0.1946
1.401 -0.193379
1.402 -0.192152
1.403 -0.190921
1.404 -0.189685
1.405 -0.188444
1.406 -0.187198
1.407 -0.185947
1.408 -0.184691
1.409 -0.18343
1.41 -0.182165
1.411 -0.180894
1.412 -0.179618
1.413 -0.178338
1.414 -0.177052
1.415 -0.175761
1.416 -0.174466
1.417 -0.173165
1.418 -0.171859
1.419 -0.170549
1.42 -0.169233
1.421 -0.167912
1.422 -0.166586
1.423 -0.165255
1.424 -0.163919
1.425 -0.162578
1.426 -0.161232
1.427 -0.159881
1.428 -0.158524
1.429 -0.157163
1.43 -0.155796
1.431 -0.154424
1.432 -0.153047
1.433 -0.151665
1.434 -0.150278
1.435 -0.148886
1.436 -0.147488
1.437 -0.146085
1.438 -0.144677
1.439 -0.143264
1.44 -0.141846
1.441 -0.140422
1.442 -0.138993
1.443 -0.137559
1.444 -0.13612
1.445 -0.134675
1.446 -0.133226
1.447 -0.13177
1.448 -0.13031
1.449 -0.128844
1.45 -0.127373
1.451 -0.125897
1.452 -0.124416
1.453 -0.122929
1.454 -0.121436
1.455 -0.119939
1.456 -0.118436
1.457 -0.116928
1.458 -0.115414
1.459 -0.113895
1.46 -0.11237
1.461 -0.110841
1.462 -0.109305
1.463 -0.107765
1.464 -0.106219
1.465 -0.104667
1.466 -0.10311
1.467 -0.101548
1.468 -0.0999798
1.469 -0.0984065
1.47 -0.0968278
1.471 -0.0952435
1.472 -0.0936538
1.473 -0.0920587
1.474 -0.0904579
1.475 -0.0888516
1.476 -0.0872397
1.477 -0.0856222
1.478 -0.0839991
1.479 -0.0823704
1.48 -0.0807363
1.481 -0.0790968
1.482 -0.077452
1.483 -0.0758019
1.484 -0.0741465
1.485 -0.0724854
1.486 -0.0708182
1.487 -0.0691446
1.488 -0.0674643
1.489 -0.0657769
1.49 -0.0640833
1.491 -0.0623847
1.492 -0.0606822
1.493 -0.058977
1.494 -0.0572705
