1 0.843484
2 0.41408
3 0.318607
4 0.446284
5 1.00417
6 0.722053
7 0.500449
8 0.420808
9 0.469828
10 0.61324
11 0.549137
12 0.454419
13 0.404385
14 0.409518
15 0.440881
16 0.418336
17 0.375569
18 0.344956
19 0.335422
20 0.335132
21 0.320671
22 0.29763
23 0.277627
24 0.265334
25 0.256857
26 0.244898
27 0.229938
28 0.21581
29 0.204565
30 0.195079
31 0.185003
32 0.174122
33 0.16363
34 0.154341
35 0.14597
36 0.137746
37 0.129487
38 0.121542
39 0.11421
40 0.107428
41 0.100938
42 0.09464
43 0.0886262
44 0.0829968
45 0.0777359
46 0.0727539
47 0.0680004
48 0.0634913
49 0.0592539
50 0.0552799
51 0.0515332
52 0.047987
53 0.044636
54 0.041482
55 0.0385157
56 0.0357184
57 0.0330725
58 0.0305673
59 0.028195
60 0.0259445
61 0.0238017
62 0.0217519
63 0.0197822
64 0.0178799
65 0.016031
66 0.0142213
67 0.0124364
68 0.010661
69 0.0088772
70 0.00706643
71 0.00521248
72 0.00330124
73 0.00131516
74 0.000771098
75 0.00298516
76 0.00534546
77 0.00786052
78 0.0105459
79 0.0134398
80 0.0165902
81 0.0200177
82 0.0237072
83 0.0276552
84 0.0319246
85 0.0366184
86 0.0417655
87 0.0472774
88 0.0530737
89 0.0592656
90 0.0661216
91 0.0737182
92 0.0817643
93 0.0899154
94 0.0983615
95 0.107881
96 0.118769
97 0.130214
98 0.141015
99 0.151384
100 0.163678
101 0.179025
102 0.195372
103 0.208863
104 0.218999
105 0.233081
106 0.255018
107 0.28013
108 0.296753
109 0.299246
110 0.311035
111 0.343997
112 0.38921
113 0.414211
114 0.385208
115 0.38236
116 0.434724
117 0.531842
118 0.598286
119 0.456929
120 0.409721
121 0.491185
122 0.714708
123 0.998662
124 0.442113
125 0.315347
126 0.41175
127 0.842196
