1 0.885958
2 0.467174
3 0.378251
4 0.512814
5 1.08305
6 0.815503
7 0.604493
8 0.533032
9 0.589956
10 0.742734
11 0.688515
12 0.602278
13 0.559427
14 0.571243
15 0.60941
16 0.593527
17 0.556672
18 0.531161
19 0.526176
20 0.530118
21 0.519501
22 0.499727
23 0.482371
24 0.47219
25 0.465382
26 0.454633
27 0.440368
28 0.42641
29 0.414838
30 0.40458
31 0.393283
32 0.380707
33 0.36806
34 0.356181
35 0.344814
36 0.33319
37 0.321121
38 0.308961
39 0.297034
40 0.285312
41 0.27353
42 0.261595
43 0.249617
44 0.237701
45 0.22586
46 0.214016
47 0.202118
48 0.190195
49 0.178289
50 0.166428
51 0.154571
52 0.142674
53 0.130764
54 0.118873
55 0.106998
56 0.0951107
57 0.0832128
58 0.0713176
59 0.0594358
60 0.0475529
61 0.0356578
62 0.0237645
63 0.0118722
64 0
65 0.0118722
66 0.0237645
67 0.0356578
68 0.0475529
69 0.0594358
70 0.0713176
71 0.0832128
72 0.0951107
73 0.106998
74 0.118873
75 0.130764
76 0.142674
77 0.154571
78 0.166428
79 0.178289
80 0.190195
81 0.202118
82 0.214016
83 0.22586
84 0.237701
85 0.249617
86 0.261595
87 0.27353
88 0.285312
89 0.297034
90 0.308961
91 0.321121
92 0.33319
93 0.344814
94 0.356181
95 0.36806
96 0.380707
97 0.393283
98 0.40458
99 0.414838
100 0.42641
101 0.440368
102 0.454633
103 0.465382
104 0.47219
105 0.482371
106 0.499727
107 0.519501
108 0.530118
109 0.526176
110 0.531161
111 0.556672
112 0.593527
113 0.60941
114 0.571243
115 0.559427
116 0.602278
117 0.688515
118 0.742734
119 0.589956
120 0.533032
121 0.604493
122 0.815503
123 1.08305
124 0.512814
125 0.378251
126 0.467174
127 0.885958
 
